0.0	0.0	5.0	5.0
0.0	0.0	3.5	3.5
0.0	0.0	2.6666666666666665	2.6666666666666665
0.0	0.0	2.25	2.25
0.0	0.0	2.2	2.2
0.0	0.0	2.6666666666666665	2.6666666666666665
0.0	0.0	2.5714285714285716	2.5714285714285716
0.0	0.0	2.25	2.25
0.0	0.0	2.4444444444444446	2.4444444444444446
0.0	0.0	3.0	3.0
0.0	0.0	2.727272727272727	2.727272727272727
0.0	0.0	2.5833333333333335	2.5833333333333335
0.0	0.0	2.5384615384615383	2.5384615384615383
0.0	0.0	2.642857142857143	2.642857142857143
0.0	0.0	2.6666666666666665	2.6666666666666665
0.0	0.0	2.6875	2.6875
0.0	0.0	2.7058823529411766	2.7058823529411766
0.0	0.0	2.7222222222222223	2.7222222222222223
0.0	0.0	2.736842105263158	2.736842105263158
0.0	0.0	2.75	2.75
0.0	0.0	2.7	2.7
0.0	0.0	2.75	2.75
0.0	0.0	2.7	2.7
0.0	0.0	2.85	2.85
0.0	0.0	2.85	2.85
0.0	0.0	2.75	2.75
0.0	0.0	2.7	2.7
0.0	0.0	2.85	2.85
0.0	0.0	2.8	2.8
0.0	0.0	2.4	2.4
0.0	0.0	2.55	2.55
0.0	0.0	2.55	2.55
0.0	0.0	2.5	2.5
0.0	0.0	2.4	2.4
0.0	0.0	2.3	2.3
0.0	0.0	2.4	2.4
0.0	0.0	2.3	2.3
0.0	0.0	2.25	2.25
0.0	0.0	2.15	2.15
0.0	0.0	2.15	2.15
0.0	0.0	2.05	2.05
0.0	0.0	1.95	1.95
0.0	0.0	1.95	1.95
0.0	0.0	1.75	1.75
0.0	0.0	1.65	1.65
0.0	0.0	1.65	1.65
0.0	0.0	1.75	1.75
0.0	0.0	1.7	1.7
0.0	0.0	1.6	1.6
0.0	0.0	1.8	1.8
0.0	0.0	1.85	1.85
0.0	0.0	1.8	1.8
0.0	0.0	1.8	1.8
0.0	0.0	1.8	1.8
0.0	0.0	1.85	1.85
0.0	0.0	1.75	1.75
0.0	0.0	1.8	1.8
0.0	0.0	1.75	1.75
0.0	0.0	1.85	1.85
0.0	0.0	1.7	1.7
0.0	0.0	1.75	1.75
0.0	0.0	1.75	1.75
0.0	0.0	2.05	2.05
0.0	0.0	2.15	2.15
0.0	0.0	2.2	2.2
0.0	0.0	2.15	2.15
0.0	0.0	2.1	2.1
0.0	0.0	2.05	2.05
0.0	0.0	2.0	2.0
0.0	0.0	1.9	1.9
0.0	0.0	1.75	1.75
0.0	0.0	1.8	1.8
0.0	0.0	1.75	1.75
0.0	0.0	1.8	1.8
0.0	0.0	1.7	1.7
0.0	0.0	1.6	1.6
0.0	0.0	1.55	1.55
0.0	0.0	1.6	1.6
0.0	0.0	1.45	1.45
0.0	0.0	1.55	1.55
0.0	0.0	1.55	1.55
0.0	0.0	1.6	1.6
0.0	0.0	1.3	1.3
0.0	0.0	1.2	1.2
0.0	0.0	1.25	1.25
0.0	0.0	1.15	1.15
0.0	0.0	1.05	1.05
0.0	0.0	1.05	1.05
0.0	0.0	1.05	1.05
0.0	0.0	1.15	1.15
0.0	0.0	1.2	1.2
0.0	0.0	1.3	1.3
0.0	0.0	1.35	1.35
0.0	0.0	1.2	1.2
0.0	0.0	1.25	1.25
0.0	0.0	1.3	1.3
0.0	0.0	1.4	1.4
0.0	0.0	1.35	1.35
0.0	0.0	1.45	1.45
0.0	0.0	1.45	1.45
0.0	0.0	1.3	1.3
0.0	0.0	1.25	1.25
0.0	0.0	1.25	1.25
0.0	0.0	1.25	1.25
0.0	0.0	1.25	1.25
0.0	0.0	1.3	1.3
0.0	0.0	1.3	1.3
0.0	0.0	1.25	1.25
0.0	0.0	1.25	1.25
0.0	0.0	1.2	1.2
0.0	0.0	1.1	1.1
0.0	0.0	1.0	1.0
0.0	0.0	0.95	0.95
0.0	0.0	1.0	1.0
0.0	0.0	0.95	0.95
0.0	0.0	0.85	0.85
0.0	0.0	0.7	0.7
0.0	0.0	0.7	0.7
0.0	0.0	0.65	0.65
0.0	0.0	0.55	0.55
0.0	0.0	0.55	0.55
0.0	0.0	0.5	0.5
0.0	0.0	0.5	0.5
0.0	0.0	0.55	0.55
0.0	0.0	0.45	0.45
0.0	0.0	0.45	0.45
0.0	0.0	0.45	0.45
0.0	0.0	0.45	0.45
0.0	0.0	0.5	0.5
0.0	0.0	0.4	0.4
0.0	0.0	0.4	0.4
0.0	0.0	0.35	0.35
0.0	0.0	0.35	0.35
0.0	0.0	0.3	0.3
0.0	0.0	0.3	0.3
0.0	0.0	0.3	0.3
0.0	0.0	0.3	0.3
0.0	0.0	0.3	0.3
0.0	0.0	0.25	0.25
0.0	0.0	0.25	0.25
0.0	0.0	0.3	0.3
0.0	0.0	0.3	0.3
0.0	0.0	0.35	0.35
0.0	0.0	0.35	0.35
0.0	0.0	0.45	0.45
0.0	0.0	0.4	0.4
0.0	0.0	0.45	0.45
0.0	0.0	0.45	0.45
0.0	0.0	0.45	0.45
0.0	0.0	0.45	0.45
0.0	0.0	0.45	0.45
0.0	0.0	0.45	0.45
0.0	0.0	0.45	0.45
0.0	0.0	0.5	0.5
0.0	0.0	0.5	0.5
0.0	0.0	0.5	0.5
0.0	0.0	0.5	0.5
0.0	0.0	0.5	0.5
0.0	0.0	0.5	0.5
0.0	0.0	0.55	0.55
0.0	0.0	0.5	0.5
0.0	0.0	0.5	0.5
0.0	0.0	0.55	0.55
0.0	0.0	0.5	0.5
0.0	0.0	0.4	0.4
0.0	0.0	0.4	0.4
0.0	0.0	0.35	0.35
0.0	0.0	0.35	0.35
0.0	0.0	0.35	0.35
0.0	0.0	0.3	0.3
0.0	0.0	0.35	0.35
0.0	0.0	0.35	0.35
0.0	0.0	0.35	0.35
0.0	0.0	0.3	0.3
0.0	0.0	0.3	0.3
0.0	0.0	0.3	0.3
0.0	0.0	0.45	0.45
0.0	0.0	0.5	0.5
0.0	0.0	0.5	0.5
0.0	0.0	0.45	0.45
0.0	0.0	0.45	0.45
0.0	0.0	0.5	0.5
0.0	0.0	0.45	0.45
0.0	0.0	0.55	0.55
0.0	0.0	0.55	0.55
0.0	0.0	0.55	0.55
0.0	0.0	0.55	0.55
0.0	0.0	0.55	0.55
0.0	0.0	0.6	0.6
0.0	0.0	0.65	0.65
0.0	0.0	0.6	0.6
0.0	0.0	0.65	0.65
0.0	0.0	0.75	0.75
0.0	0.0	1.0	1.0
0.0	0.0	1.05	1.05
0.0	0.0	1.25	1.25
0.0	0.0	1.35	1.35
0.0	0.0	1.35	1.35
0.0	0.0	1.35	1.35
0.0	0.0	1.35	1.35
0.0	0.0	1.45	1.45
0.0	0.0	1.65	1.65
0.0	0.0	1.6	1.6
0.0	0.0	1.5	1.5
0.0	0.0	1.55	1.55
0.0	0.0	1.6	1.6
0.0	0.0	1.6	1.6
0.0	0.0	1.65	1.65
0.0	0.0	1.55	1.55
0.0	0.0	1.5	1.5
0.0	0.0	1.55	1.55
0.0	0.0	1.55	1.55
0.0	0.0	1.5	1.5
0.0	0.0	1.25	1.25
0.0	0.0	1.2	1.2
0.0	0.0	1.05	1.05
0.0	0.0	0.85	0.85
0.0	0.0	0.75	0.75
0.0	0.0	0.8	0.8
0.0	0.0	0.85	0.85
0.0	0.0	1.0	1.0
0.0	0.0	0.75	0.75
0.0	0.0	0.75	0.75
0.0	0.0	0.75	0.75
0.0	0.0	0.75	0.75
0.0	0.0	0.75	0.75
0.0	0.0	0.8	0.8
0.0	0.0	0.75	0.75
0.0	0.0	0.75	0.75
0.0	0.0	0.75	0.75
0.0	0.0	0.7	0.7
0.0	0.0	0.7	0.7
0.0	0.0	0.65	0.65
0.0	0.0	0.75	0.75
0.0	0.0	0.75	0.75
0.0	0.0	0.7	0.7
0.0	0.0	0.65	0.65
0.0	0.0	0.65	0.65
0.0	0.0	0.65	0.65
0.0	0.0	0.6	0.6
0.0	0.0	0.35	0.35
0.0	0.0	0.4	0.4
0.0	0.0	0.4	0.4
0.0	0.0	0.4	0.4
0.0	0.0	0.35	0.35
0.0	0.0	0.45	0.45
0.0	0.0	0.45	0.45
0.0	0.0	0.5	0.5
0.0	0.0	0.5	0.5
0.0	0.0	0.6	0.6
0.0	0.0	0.7	0.7
0.0	0.0	0.8	0.8
0.0	0.0	0.8	0.8
0.0	0.0	0.75	0.75
0.0	0.0	0.8	0.8
0.0	0.0	0.8	0.8
0.0	0.0	0.85	0.85
0.0	0.0	0.85	0.85
0.0	0.0	0.8	0.8
0.0	0.0	0.85	0.85
0.0	0.0	0.85	0.85
0.0	0.0	0.8	0.8
0.0	0.0	0.9	0.9
0.0	0.0	0.95	0.95
0.0	0.0	0.95	0.95
0.0	0.0	0.85	0.85
0.0	0.0	0.85	0.85
0.0	0.0	1.05	1.05
0.0	0.0	1.05	1.05
0.0	0.0	0.95	0.95
0.0	0.0	0.95	0.95
0.0	0.0	0.8	0.8
0.0	0.0	0.8	0.8
0.0	0.0	0.75	0.75
0.0	0.0	0.7	0.7
0.0	0.0	0.7	0.7
0.0	0.0	0.65	0.65
0.0	0.0	0.65	0.65
0.0	0.0	0.65	0.65
0.0	0.0	0.75	0.75
0.0	0.0	0.85	0.85
0.0	0.0	0.85	0.85
0.0	0.0	0.75	0.75
0.0	0.0	0.75	0.75
0.0	0.0	0.8	0.8
0.0	0.0	0.8	0.8
0.0	0.0	0.8	0.8
0.0	0.0	0.65	0.65
0.0	0.0	0.9	0.9
0.0	0.0	0.9	0.9
0.0	0.0	0.85	0.85
0.0	0.0	0.9	0.9
0.0	0.0	0.9	0.9
0.0	0.0	0.9	0.9
0.0	0.0	1.0	1.0
0.0	0.0	1.0	1.0
0.0	0.0	1.0	1.0
0.0	0.0	1.05	1.05
0.0	0.0	1.1	1.1
0.0	0.0	1.0	1.0
0.0	0.0	0.9	0.9
0.0	0.0	0.9	0.9
0.0	0.0	0.9	0.9
0.0	0.0	0.85	0.85
0.0	0.0	0.85	0.85
0.0	0.0	0.8	0.8
0.0	0.0	0.75	0.75
0.0	0.0	0.65	0.65
0.0	0.0	0.4	0.4
0.0	0.0	0.4	0.4
0.0	0.0	0.45	0.45
0.0	0.0	0.4	0.4
0.0	0.0	0.4	0.4
0.0	0.0	0.4	0.4
0.0	0.0	0.3	0.3
0.0	0.0	0.35	0.35
0.0	0.0	0.35	0.35
0.0	0.0	0.35	0.35
0.0	0.0	0.3	0.3
0.0	0.0	0.25	0.25
0.0	0.0	0.3	0.3
0.0	0.0	0.35	0.35
0.0	0.0	0.4	0.4
0.0	0.0	0.45	0.45
0.0	0.0	0.45	0.45
0.0	0.0	0.55	0.55
0.0	0.0	0.55	0.55
0.0	0.0	0.55	0.55
0.0	0.0	0.55	0.55
0.0	0.0	0.65	0.65
0.0	0.0	0.55	0.55
0.0	0.0	0.6	0.6
0.0	0.0	0.6	0.6
0.0	0.0	0.6	0.6
0.0	0.0	0.6	0.6
0.0	0.0	0.55	0.55
0.0	0.0	0.55	0.55
0.0	0.0	0.65	0.65
0.0	0.0	0.8	0.8
0.0	0.0	0.85	0.85
0.0	0.0	0.8	0.8
0.0	0.0	0.85	0.85
0.0	0.0	0.9	0.9
0.0	0.0	0.85	0.85
0.0	0.0	0.8	0.8
0.0	0.0	0.7	0.7
0.0	0.0	0.8	0.8
0.0	0.0	0.8	0.8
0.0	0.0	0.8	0.8
0.0	0.0	0.7	0.7
0.0	0.0	0.75	0.75
0.0	0.0	0.7	0.7
0.0	0.0	0.8	0.8
0.0	0.0	0.8	0.8
0.0	0.0	0.85	0.85
0.0	0.0	0.85	0.85
0.0	0.0	0.85	0.85
0.0	0.0	0.8	0.8
0.0	0.0	0.65	0.65
0.0	0.0	0.65	0.65
0.0	0.0	0.65	0.65
0.0	0.0	0.55	0.55
0.0	0.0	0.55	0.55
0.0	0.0	0.6	0.6
0.0	0.0	0.7	0.7
0.0	0.0	0.7	0.7
0.0	0.0	0.6	0.6
0.0	0.0	0.6	0.6
0.0	0.0	0.65	0.65
0.0	0.0	0.8	0.8
0.0	0.0	0.75	0.75
0.0	0.0	0.85	0.85
0.0	0.0	0.8	0.8
0.0	0.0	0.8	0.8
0.0	0.0	0.75	0.75
0.0	0.0	0.75	0.75
0.0	0.0	0.8	0.8
0.0	0.0	0.7	0.7
0.0	0.0	0.7	0.7
0.0	0.0	0.65	0.65
0.0	0.0	0.65	0.65
0.0	0.0	0.7	0.7
0.0	0.0	0.65	0.65
0.0	0.0	0.65	0.65
0.0	0.0	0.55	0.55
0.0	0.0	0.55	0.55
0.0	0.0	0.55	0.55
0.0	0.0	0.55	0.55
0.0	0.0	0.5	0.5
0.0	0.0	0.35	0.35
0.0	0.0	0.45	0.45
0.0	0.0	0.35	0.35
0.0	0.0	0.35	0.35
0.0	0.0	0.45	0.45
0.0	0.0	0.5	0.5
0.0	0.0	0.5	0.5
0.0	0.0	0.5	0.5
0.0	0.0	0.6	0.6
0.0	0.0	0.65	0.65
0.0	0.0	0.7	0.7
0.0	0.0	0.75	0.75
0.0	0.0	0.75	0.75
0.0	0.0	0.7	0.7
0.0	0.0	0.65	0.65
0.0	0.0	0.65	0.65
0.0	0.0	0.65	0.65
0.0	0.0	0.8	0.8
0.0	0.0	0.8	0.8
0.0	0.0	0.85	0.85
0.0	0.0	0.85	0.85
0.0	0.0	1.05	1.05
0.0	0.0	1.1	1.1
0.0	0.0	1.05	1.05
0.0	0.0	0.95	0.95
0.0	0.0	0.9	0.9
0.0	0.0	0.95	0.95
0.0	0.0	0.95	0.95
0.0	0.0	0.85	0.85
0.0	0.0	0.9	0.9
0.0	0.0	0.85	0.85
0.0	0.0	0.9	0.9
0.0	0.0	0.9	0.9
0.0	0.0	0.95	0.95
0.0	0.0	0.95	0.95
0.0	0.0	0.95	0.95
0.0	0.0	1.0	1.0
0.0	0.0	0.85	0.85
0.0	0.0	0.85	0.85
0.0	0.0	0.85	0.85
0.0	0.0	0.85	0.85
0.0	0.0	0.6	0.6
0.0	0.0	0.55	0.55
0.0	0.0	0.6	0.6
0.0	0.0	0.6	0.6
0.0	0.0	0.65	0.65
0.0	0.0	0.65	0.65
0.0	0.0	0.65	0.65
0.0	0.0	0.8	0.8
0.0	0.0	0.7	0.7
0.0	0.0	0.75	0.75
0.0	0.0	0.75	0.75
0.0	0.0	0.7	0.7
0.0	0.0	0.65	0.65
0.0	0.0	0.7	0.7
0.0	0.0	0.75	0.75
0.0	0.0	0.7	0.7
0.0	0.0	0.75	0.75
0.0	0.0	0.75	0.75
0.0	0.0	0.7	0.7
0.0	0.0	0.7	0.7
0.0	0.0	0.7	0.7
0.0	0.0	0.75	0.75
0.0	0.0	0.8	0.8
0.0	0.0	0.9	0.9
0.0	0.0	0.85	0.85
0.0	0.0	0.85	0.85
0.0	0.0	0.85	0.85
0.0	0.0	0.7	0.7
0.0	0.0	0.8	0.8
0.0	0.0	0.8	0.8
0.0	0.0	0.75	0.75
0.0	0.0	0.75	0.75
0.0	0.0	0.8	0.8
0.0	0.0	0.75	0.75
0.0	0.0	0.75	0.75
0.0	0.0	0.75	0.75
0.0	0.0	0.7	0.7
0.0	0.0	0.7	0.7
0.0	0.0	0.7	0.7
0.0	0.0	0.7	0.7
0.0	0.0	0.65	0.65
0.0	0.0	0.6	0.6
0.0	0.0	0.5	0.5
0.0	0.0	0.45	0.45
0.0	0.0	0.5	0.5
0.0	0.0	0.45	0.45
0.0	0.0	0.4	0.4
0.0	0.0	0.45	0.45
0.0	0.0	0.45	0.45
0.0	0.0	0.4	0.4
0.0	0.0	0.35	0.35
0.0	0.0	0.35	0.35
0.0	0.0	0.3	0.3
0.0	0.0	0.45	0.45
0.0	0.0	0.45	0.45
0.0	0.0	0.5	0.5
0.0	0.0	0.6	0.6
0.0	0.0	0.6	0.6
0.0	0.0	0.6	0.6
0.0	0.0	0.6	0.6
0.0	0.0	0.85	0.85
0.0	0.0	0.95	0.95
0.0	0.0	0.95	0.95
0.0	0.0	0.95	0.95
0.0	0.0	1.0	1.0
0.0	0.0	1.05	1.05
0.0	0.0	1.1	1.1
0.0	0.0	1.15	1.15
0.0	0.0	1.1	1.1
0.0	0.0	1.25	1.25
0.0	0.0	1.3	1.3
0.0	0.0	1.5	1.5
0.0	0.0	1.5	1.5
0.0	0.0	1.5	1.5
0.0	0.0	1.45	1.45
0.0	0.0	1.45	1.45
0.0	0.0	1.4	1.4
0.0	0.0	1.45	1.45
0.0	0.0	1.55	1.55
0.0	0.0	1.55	1.55
0.0	0.0	1.3	1.3
0.0	0.0	1.3	1.3
0.0	0.0	1.3	1.3
0.0	0.0	1.3	1.3
0.0	0.0	1.25	1.25
0.0	0.0	1.25	1.25
0.0	0.0	1.2	1.2
0.0	0.0	1.15	1.15
0.0	0.0	1.2	1.2
0.0	0.0	1.15	1.15
0.0	0.0	1.25	1.25
0.0	0.0	1.05	1.05
0.0	0.0	1.1	1.1
0.0	0.0	1.0	1.0
0.0	0.0	1.05	1.05
0.0	0.0	1.0	1.0
0.0	0.0	1.05	1.05
0.0	0.0	1.0	1.0
0.0	0.0	1.0	1.0
0.0	0.0	1.0	1.0
0.0	0.0	1.05	1.05
0.0	0.0	0.95	0.95
0.0	0.0	1.0	1.0
0.0	0.0	1.1	1.1
0.0	0.0	1.15	1.15
0.0	0.0	1.15	1.15
0.0	0.0	1.15	1.15
0.0	0.0	1.2	1.2
0.0	0.0	1.15	1.15
0.0	0.0	1.25	1.25
0.0	0.0	1.15	1.15
0.0	0.0	1.15	1.15
0.0	0.0	1.15	1.15
0.0	0.0	1.1	1.1
0.0	0.0	1.25	1.25
0.0	0.0	1.35	1.35
0.0	0.0	1.25	1.25
0.0	0.0	1.4	1.4
0.0	0.0	1.4	1.4
0.0	0.0	1.45	1.45
0.0	0.0	1.5	1.5
0.0	0.0	1.55	1.55
0.0	0.0	1.55	1.55
0.0	0.0	1.4	1.4
0.0	0.0	1.4	1.4
0.0	0.0	1.35	1.35
0.0	0.0	1.4	1.4
0.0	0.0	1.35	1.35
0.0	0.0	1.35	1.35
0.0	0.0	1.2	1.2
0.0	0.0	1.2	1.2
0.0	0.0	1.3	1.3
0.0	0.0	1.25	1.25
0.0	0.0	1.35	1.35
0.0	0.0	1.15	1.15
0.0	0.0	1.15	1.15
0.0	0.0	1.15	1.15
0.0	0.0	1.0	1.0
0.0	0.0	1.05	1.05
0.0	0.0	1.0	1.0
0.0	0.0	0.9	0.9
0.0	0.0	0.85	0.85
0.0	0.0	0.8	0.8
0.0	0.0	0.95	0.95
0.0	0.0	1.0	1.0
0.0	0.0	1.1	1.1
0.0	0.0	1.15	1.15
0.0	0.0	1.25	1.25
0.0	0.0	1.3	1.3
0.0	0.0	1.25	1.25
0.0	0.0	1.2	1.2
0.0	0.0	1.2	1.2
0.0	0.0	1.2	1.2
0.0	0.0	1.1	1.1
0.0	0.0	1.15	1.15
0.0	0.0	1.1	1.1
0.0	0.0	1.15	1.15
0.0	0.0	1.15	1.15
0.0	0.0	1.05	1.05
0.0	0.0	1.05	1.05
0.0	0.0	1.1	1.1
0.0	0.0	1.1	1.1
0.0	0.0	1.1	1.1
0.0	0.0	0.95	0.95
0.0	0.0	0.9	0.9
0.0	0.0	0.8	0.8
0.0	0.0	0.7	0.7
0.0	0.0	0.55	0.55
0.0	0.0	0.45	0.45
0.0	0.0	0.45	0.45
0.0	0.0	0.45	0.45
0.0	0.0	0.4	0.4
0.0	0.0	0.4	0.4
0.0	0.0	0.45	0.45
0.0	0.0	0.5	0.5
0.0	0.0	0.45	0.45
0.0	0.0	0.4	0.4
0.0	0.0	0.7	0.7
0.0	0.0	0.65	0.65
0.0	0.0	0.7	0.7
0.0	0.0	0.65	0.65
0.0	0.0	0.65	0.65
0.0	0.0	0.65	0.65
0.0	0.0	0.65	0.65
0.0	0.0	0.7	0.7
0.0	0.0	0.75	0.75
0.0	0.0	0.85	0.85
0.0	0.0	0.85	0.85
0.0	0.0	0.9	0.9
0.0	0.0	0.9	0.9
0.0	0.0	0.95	0.95
0.0	0.0	0.95	0.95
0.0	0.0	0.95	0.95
0.0	0.0	0.9	0.9
0.0	0.0	0.8	0.8
0.0	0.0	0.8	0.8
0.0	0.0	0.85	0.85
0.0	0.0	0.55	0.55
0.0	0.0	0.55	0.55
0.0	0.0	0.5	0.5
0.0	0.0	0.5	0.5
0.0	0.0	0.55	0.55
0.0	0.0	0.55	0.55
0.0	0.0	0.65	0.65
0.0	0.0	0.5	0.5
0.0	0.0	0.5	0.5
0.0	0.0	0.4	0.4
0.0	0.0	0.45	0.45
0.0	0.0	0.4	0.4
0.0	0.0	0.55	0.55
0.0	0.0	0.5	0.5
0.0	0.0	0.45	0.45
0.0	0.0	0.45	0.45
0.0	0.0	0.45	0.45
0.0	0.0	0.55	0.55
0.0	0.0	0.6	0.6
0.0	0.0	0.6	0.6
0.0	0.0	0.65	0.65
0.0	0.0	0.65	0.65
0.0	0.0	0.65	0.65
0.0	0.0	0.7	0.7
0.0	0.0	0.65	0.65
0.0	0.0	0.65	0.65
0.0	0.0	0.75	0.75
0.0	0.0	0.75	0.75
0.0	0.0	0.7	0.7
0.0	0.0	0.7	0.7
0.0	0.0	0.7	0.7
0.0	0.0	0.75	0.75
0.0	0.0	0.6	0.6
0.0	0.0	0.8	0.8
0.0	0.0	0.8	0.8
0.0	0.0	0.8	0.8
0.0	0.0	0.85	0.85
0.0	0.0	0.75	0.75
0.0	0.0	0.7	0.7
0.0	0.0	0.7	0.7
0.0	0.0	0.7	0.7
0.0	0.0	0.7	0.7
0.0	0.0	0.7	0.7
0.0	0.0	0.65	0.65
0.0	0.0	0.7	0.7
0.0	0.0	0.7	0.7
0.0	0.0	0.55	0.55
0.0	0.0	0.55	0.55
0.0	0.0	0.6	0.6
0.0	0.0	0.6	0.6
0.0	0.0	0.65	0.65
0.0	0.0	0.6	0.6
0.0	0.0	0.6	0.6
0.0	0.0	0.4	0.4
0.0	0.0	0.5	0.5
0.0	0.0	0.55	0.55
0.0	0.0	0.65	0.65
0.0	0.0	0.65	0.65
0.0	0.0	0.65	0.65
0.0	0.0	0.7	0.7
0.0	0.0	0.7	0.7
0.0	0.0	0.7	0.7
0.0	0.0	0.7	0.7
0.0	0.0	0.75	0.75
0.0	0.0	0.85	0.85
0.0	0.0	0.9	0.9
0.0	0.0	0.85	0.85
0.0	0.0	0.85	0.85
0.0	0.0	0.8	0.8
0.0	0.0	0.8	0.8
0.0	0.0	0.75	0.75
0.0	0.0	0.75	0.75
0.0	0.0	0.75	0.75
0.0	0.0	0.8	0.8
0.0	0.0	0.75	0.75
0.0	0.0	0.7	0.7
0.0	0.0	0.65	0.65
0.0	0.0	0.7	0.7
0.0	0.0	0.7	0.7
0.0	0.0	0.65	0.65
0.0	0.0	0.6	0.6
0.0	0.0	0.65	0.65
0.0	0.0	0.65	0.65
0.0	0.0	0.8	0.8
0.0	0.0	0.7	0.7
0.0	0.0	0.65	0.65
0.0	0.0	0.65	0.65
0.0	0.0	0.7	0.7
0.0	0.0	0.7	0.7
0.0	0.0	0.7	0.7
0.0	0.0	0.65	0.65
0.0	0.0	0.75	0.75
0.0	0.0	0.8	0.8
0.0	0.0	0.8	0.8
0.0	0.0	0.75	0.75
0.0	0.0	0.75	0.75
0.0	0.0	0.65	0.65
0.0	0.0	0.65	0.65
0.0	0.0	0.7	0.7
0.0	0.0	0.65	0.65
0.0	0.0	0.7	0.7
0.0	0.0	0.7	0.7
0.0	0.0	0.7	0.7
0.0	0.0	0.6	0.6
0.0	0.0	0.65	0.65
0.0	0.0	0.65	0.65
0.0	0.0	0.65	0.65
0.0	0.0	0.6	0.6
0.0	0.0	0.65	0.65
0.0	0.0	0.75	0.75
0.0	0.0	0.85	0.85
0.0	0.0	0.75	0.75
0.0	0.0	0.7	0.7
0.0	0.0	0.8	0.8
0.0	0.0	0.85	0.85
0.0	0.0	0.9	0.9
0.0	0.0	0.9	0.9
0.0	0.0	0.85	0.85
0.0	0.0	0.8	0.8
0.0	0.0	0.8	0.8
0.0	0.0	0.75	0.75
0.0	0.0	0.7	0.7
0.0	0.0	0.85	0.85
0.0	0.0	0.75	0.75
0.0	0.0	0.65	0.65
0.0	0.0	0.7	0.7
0.0	0.0	0.7	0.7
0.0	0.0	0.8	0.8
0.0	0.0	0.85	0.85
0.0	0.0	0.75	0.75
0.0	0.0	0.65	0.65
0.0	0.0	0.65	0.65
0.0	0.0	0.75	0.75
0.0	0.0	0.6	0.6
0.0	0.0	0.55	0.55
0.0	0.0	0.65	0.65
0.0	0.0	0.65	0.65
0.0	0.0	0.75	0.75
0.0	0.0	0.8	0.8
0.0	0.0	0.8	0.8
0.0	0.0	0.85	0.85
0.0	0.0	0.95	0.95
0.0	0.0	0.9	0.9
0.0	0.0	0.95	0.95
0.0	0.0	1.0	1.0
0.0	0.0	1.05	1.05
0.0	0.0	1.2	1.2
0.0	0.0	1.15	1.15
0.0	0.0	1.15	1.15
0.0	0.0	1.2	1.2
0.0	0.0	1.2	1.2
0.0	0.0	1.45	1.45
0.0	0.0	1.4	1.4
0.0	0.0	1.4	1.4
0.0	0.0	1.45	1.45
0.0	0.0	1.5	1.5
0.0	0.0	1.55	1.55
0.0	0.0	1.45	1.45
0.0	0.0	1.4	1.4
0.0	0.0	1.4	1.4
0.0	0.0	1.35	1.35
0.0	0.0	1.25	1.25
0.0	0.0	1.15	1.15
0.0	0.0	1.1	1.1
0.0	0.0	1.05	1.05
0.0	0.0	1.0	1.0
0.0	0.0	1.05	1.05
0.0	0.0	1.0	1.0
0.0	0.0	0.9	0.9
0.0	0.0	0.85	0.85
0.0	0.0	0.9	0.9
0.0	0.0	0.75	0.75
0.0	0.0	0.7	0.7
0.0	0.0	0.7	0.7
0.0	0.0	0.7	0.7
0.0	0.0	0.55	0.55
0.0	0.0	0.5	0.5
0.0	0.0	0.5	0.5
0.0	0.0	0.55	0.55
0.0	0.0	0.55	0.55
0.0	0.0	0.55	0.55
0.0	0.0	0.6	0.6
0.0	0.0	0.75	0.75
0.0	0.0	0.75	0.75
0.0	0.0	0.8	0.8
0.0	0.0	0.75	0.75
0.0	0.0	0.6	0.6
0.0	0.0	0.6	0.6
0.0	0.0	0.65	0.65
0.0	0.0	0.8	0.8
0.0	0.0	0.75	0.75
0.0	0.0	0.65	0.65
0.0	0.0	0.65	0.65
0.0	0.0	0.7	0.7
0.0	0.0	0.65	0.65
0.0	0.0	0.65	0.65
0.0	0.0	0.65	0.65
0.0	0.0	0.65	0.65
0.0	0.0	0.75	0.75
0.0	0.0	0.75	0.75
0.0	0.0	0.75	0.75
0.0	0.0	0.75	0.75
0.0	0.0	0.6	0.6
0.0	0.0	0.6	0.6
0.0	0.0	0.55	0.55
0.0	0.0	0.55	0.55
0.0	0.0	0.5	0.5
0.0	0.0	0.5	0.5
0.0	0.0	0.5	0.5
0.0	0.0	0.4	0.4
0.0	0.0	0.4	0.4
0.0	0.0	0.4	0.4
0.0	0.0	0.4	0.4
0.0	0.0	0.35	0.35
0.0	0.0	0.35	0.35
0.0	0.0	0.3	0.3
0.0	0.0	0.45	0.45
0.0	0.0	0.5	0.5
0.0	0.0	0.35	0.35
0.0	0.0	0.4	0.4
0.0	0.0	0.5	0.5
0.0	0.0	0.55	0.55
0.0	0.0	0.65	0.65
0.0	0.0	0.65	0.65
0.0	0.0	0.7	0.7
0.0	0.0	0.8	0.8
0.0	0.0	0.8	0.8
0.0	0.0	0.8	0.8
0.0	0.0	0.8	0.8
0.0	0.0	0.8	0.8
0.0	0.0	0.8	0.8
0.0	0.0	0.8	0.8
0.0	0.0	0.85	0.85
0.0	0.0	0.85	0.85
0.0	0.0	0.85	0.85
0.0	0.0	0.95	0.95
0.0	0.0	0.8	0.8
0.0	0.0	0.8	0.8
0.0	0.0	0.8	0.8
0.0	0.0	0.9	0.9
0.0	0.0	0.9	0.9
0.0	0.0	0.8	0.8
0.0	0.0	0.75	0.75
0.0	0.0	0.8	0.8
0.0	0.0	0.8	0.8
0.0	0.0	0.85	0.85
0.0	0.0	0.9	0.9
0.0	0.0	0.9	0.9
0.0	0.0	0.85	0.85
0.0	0.0	0.8	0.8
0.0	0.0	0.85	0.85
0.0	0.0	0.85	0.85
0.0	0.0	0.8	0.8
0.0	0.0	0.8	0.8
0.0	0.0	0.8	0.8
0.0	0.0	0.8	0.8
0.0	0.0	0.85	0.85
0.0	0.0	0.85	0.85
0.0	0.0	0.85	0.85
0.0	0.0	0.7	0.7
0.0	0.0	0.6	0.6
0.0	0.0	0.65	0.65
0.0	0.0	0.6	0.6
0.0	0.0	0.65	0.65
0.0	0.0	0.65	0.65
0.0	0.0	0.5	0.5
0.0	0.0	0.45	0.45
0.0	0.0	0.45	0.45
0.0	0.0	0.5	0.5
0.0	0.0	0.5	0.5
0.0	0.0	0.45	0.45
0.0	0.0	0.45	0.45
0.0	0.0	0.5	0.5
0.0	0.0	0.5	0.5
0.0	0.0	0.5	0.5
0.0	0.0	0.45	0.45
0.0	0.0	0.6	0.6
0.0	0.0	0.6	0.6
0.0	0.0	0.7	0.7
0.0	0.0	0.85	0.85
0.0	0.0	0.85	0.85
0.0	0.0	0.85	0.85
0.0	0.0	0.9	0.9
0.0	0.0	0.8	0.8
0.0	0.0	0.75	0.75
0.0	0.0	0.85	0.85
0.0	0.0	0.85	0.85
0.0	0.0	0.9	0.9
0.0	0.0	0.9	0.9
0.0	0.0	0.9	0.9
0.0	0.0	0.9	0.9
0.0	0.0	1.0	1.0
0.0	0.0	1.0	1.0
0.0	0.0	1.0	1.0
0.0	0.0	1.1	1.1
0.0	0.0	1.05	1.05
0.0	0.0	0.85	0.85
0.0	0.0	0.8	0.8
0.0	0.0	0.7	0.7
0.0	0.0	0.8	0.8
0.0	0.0	0.85	0.85
0.0	0.0	0.85	0.85
0.0	0.0	0.8	0.8
0.0	0.0	0.85	0.85
0.0	0.0	0.9	0.9
0.0	0.0	0.85	0.85
0.0	0.0	0.85	0.85
0.0	0.0	0.95	0.95
0.0	0.0	1.15	1.15
0.0	0.0	1.15	1.15
0.0	0.0	1.15	1.15
0.0	0.0	1.2	1.2
0.0	0.0	1.2	1.2
0.0	0.0	1.2	1.2
0.0	0.0	1.1	1.1
0.0	0.0	1.15	1.15
0.0	0.0	1.2	1.2
0.0	0.0	1.35	1.35
0.0	0.0	1.35	1.35
0.0	0.0	1.2	1.2
0.0	0.0	1.15	1.15
0.0	0.0	1.1	1.1
0.0	0.0	1.45	1.45
0.0	0.0	1.6	1.6
0.0	0.0	1.55	1.55
0.0	0.0	1.5	1.5
0.0	0.0	1.65	1.65
0.0	0.0	1.5	1.5
0.0	0.0	1.5	1.5
0.0	0.0	1.55	1.55
0.0	0.0	1.65	1.65
0.0	0.0	1.5	1.5
0.0	0.0	1.45	1.45
0.0	0.0	1.5	1.5
0.0	0.0	1.65	1.65
0.0	0.0	1.65	1.65
0.0	0.0	1.6	1.6
0.0	0.0	1.6	1.6
0.0	0.0	1.65	1.65
0.0	0.0	1.6	1.6
0.0	0.0	1.75	1.75
0.0	0.0	2.0	2.0
0.0	0.0	1.7	1.7
0.0	0.0	1.55	1.55
0.0	0.0	1.55	1.55
0.0	0.0	1.55	1.55
0.0	0.0	1.45	1.45
0.0	0.0	1.6	1.6
0.0	0.0	1.4	1.4
0.0	0.0	1.45	1.45
0.0	0.0	1.45	1.45
0.0	0.0	1.5	1.5
0.0	0.0	1.65	1.65
0.0	0.0	1.6	1.6
0.0	0.0	1.55	1.55
0.0	0.0	1.5	1.5
0.0	0.0	1.6	1.6
0.0	0.0	1.45	1.45
0.0	0.0	1.4	1.4
0.0	0.0	1.4	1.4
0.0	0.0	1.4	1.4
0.0	0.0	1.25	1.25
0.0	0.0	1.2	1.2
0.0	0.0	1.2	1.2
0.0	0.0	1.3	1.3
0.0	0.0	1.3	1.3
0.0	0.0	1.25	1.25
0.0	0.0	1.15	1.15
0.0	0.0	1.15	1.15
0.0	0.0	1.05	1.05
0.0	0.0	1.0	1.0
0.0	0.0	0.95	0.95
0.0	0.0	0.8	0.8
0.0	0.0	0.8	0.8
0.0	0.0	0.7	0.7
0.0	0.0	0.75	0.75
0.0	0.0	0.65	0.65
0.0	0.0	0.65	0.65
0.0	0.0	0.65	0.65
0.0	0.0	0.6	0.6
0.0	0.0	0.45	0.45
0.0	0.0	0.35	0.35
0.0	0.0	0.35	0.35
0.0	0.0	0.3	0.3
0.0	0.0	0.2	0.2
0.0	0.0	0.2	0.2
0.0	0.0	0.2	0.2
0.0	0.0	0.15	0.15
0.0	0.0	0.1	0.1
0.0	0.0	0.1	0.1
0.0	0.0	0.05	0.05
0.0	0.0	0.25	0.25
0.0	0.0	0.25	0.25
0.0	0.0	0.25	0.25
0.0	0.0	0.3	0.3
0.0	0.0	0.25	0.25
0.0	0.0	0.25	0.25
0.0	0.0	0.25	0.25
0.0	0.0	0.35	0.35
0.0	0.0	0.45	0.45
0.0	0.0	0.45	0.45
0.0	0.0	0.5	0.5
0.0	0.0	0.55	0.55
0.0	0.0	0.7	0.7
0.0	0.0	0.75	0.75
0.0	0.0	0.8	0.8
0.0	0.0	0.8	0.8
0.0	0.0	0.8	0.8
0.0	0.0	0.9	0.9
0.0	0.0	1.05	1.05
0.0	0.0	1.15	1.15
0.0	0.0	0.95	0.95
0.0	0.0	0.95	0.95
0.0	0.0	0.95	0.95
0.0	0.0	1.05	1.05
0.0	0.0	1.2	1.2
0.0	0.0	1.2	1.2
0.0	0.0	1.4	1.4
0.0	0.0	1.35	1.35
0.0	0.0	1.3	1.3
0.0	0.0	1.35	1.35
0.0	0.0	1.3	1.3
0.0	0.0	1.3	1.3
0.0	0.0	1.15	1.15
0.0	0.0	1.15	1.15
0.0	0.0	1.1	1.1
0.0	0.0	1.1	1.1
0.0	0.0	1.1	1.1
0.0	0.0	1.0	1.0
0.0	0.0	1.15	1.15
0.0	0.0	1.1	1.1
0.0	0.0	1.1	1.1
0.0	0.0	1.15	1.15
0.0	0.0	1.3	1.3
0.0	0.0	1.15	1.15
0.0	0.0	1.0	1.0
0.0	0.0	1.0	1.0
0.0	0.0	0.8	0.8
0.0	0.0	0.75	0.75
0.0	0.0	0.7	0.7
0.0	0.0	0.65	0.65
0.0	0.0	0.7	0.7
0.0	0.0	0.7	0.7
0.0	0.0	0.85	0.85
0.0	0.0	0.8	0.8
0.0	0.0	1.0	1.0
0.0	0.0	1.05	1.05
0.0	0.0	1.05	1.05
0.0	0.0	1.1	1.1
0.0	0.0	0.8	0.8
0.0	0.0	0.75	0.75
0.0	0.0	0.95	0.95
0.0	0.0	0.95	0.95
0.0	0.0	0.85	0.85
0.0	0.0	0.85	0.85
0.0	0.0	0.85	0.85
0.0	0.0	0.85	0.85
0.0	0.0	0.85	0.85
0.0	0.0	0.85	0.85
0.0	0.0	0.85	0.85
0.0	0.0	0.85	0.85
0.0	0.0	0.8	0.8
0.0	0.0	0.8	0.8
0.0	0.0	0.65	0.65
0.0	0.0	0.65	0.65
0.0	0.0	0.5	0.5
