22.383251713305377
21.323290487125107
20.65191020694634
20.624235192534165
20.325060515649287
21.672880789118054
21.86877385175044
22.682615540946202
21.986861012195753
22.167438999971658
22.259427555219453
22.261848657010287
22.043732707902958
22.065617060784653
22.110095433967135
21.331218388581647
21.36376403343078
21.516904107163143
21.160705793160652
20.99750888736211
21.13118016515429
21.258450039348492
21.773616098026555
21.731514492271568
21.913155310391247
21.539112994161993
21.43519923977444
21.08699122098033
21.573400030151923
21.879851077371445
21.71177726811617
21.718297269170368
22.015065770121183
22.275831154051456
22.414484108519392
23.620821351054595
23.46235952601978
23.456658609855516
23.938338105888313
23.985569344526375
24.013080995130103
24.028152772172106
23.47847811116042
23.812952551837974
23.83752626881227
23.53895431298563
23.413342066722464
23.559197684483657
23.424098820598413
23.093797062422457
23.20524829440415
23.30986320406586
23.21135718050319
23.27948630822919
24.43914089447393
23.95355029610904
23.880734648918704
23.916419395441046
23.744122670889038
23.77609223661002
24.21349782528184
24.184148385669328
24.237630391200952
24.1351526304499
23.99994136177728
24.309827088049282
24.766388655076334
24.804520162521285
24.644366544380553
24.6249216057231
24.968296885045174
25.403921805587352
25.130261151699003
24.537355576624833
23.45377456623462
23.15214338486473
23.637355753252447
23.543707850944976
23.575134495392305
23.705827372992115
23.081195906786103
23.25763038462329
23.30060005850914
23.132393312902913
23.787733039975507
23.804641906524164
23.79385014521612
23.63744656393308
23.615587351883676
23.5829807957892
23.481761277743537
22.867721349788162
23.04938628095732
23.233623319183472
22.874200147153367
22.871990414115377
22.760500875921473
22.345193969572474
22.711949739241394
22.606991311257207
22.500452787455337
22.046414974030206
21.88720027096279
21.87000795983175
21.844634532684466
21.874878580706362
21.728436162959532
21.563452681233542
21.980376949175472
21.872088935371522
21.521700648282863
21.52514494968513
21.44140860573146
21.635105942295922
21.65531519551525
21.92459028157204
21.696220094889107
22.058621099585324
21.581284256988855
21.528960601095932
21.4401676327344
21.50520760533443
22.05287237895445
22.008550015638654
21.76090521163166
22.197947494969853
22.15726740373436
22.353869780223967
22.3635623778554
22.488831703430264
22.623603768871227
22.51719775815873
22.469808528537772
21.95952828909663
22.116539693376975
21.910346569280534
22.12099015680022
21.905300248376754
22.032631238892467
22.17143368952925
22.31381718399938
22.418153457360834
22.04299474786809
22.72936637639817
22.341202225500897
21.994894111001205
21.825927782328442
22.06248549402004
21.9093760312391
22.38171514473475
22.1125756629679
22.2379902222967
22.20505113713461
22.520774114603185
22.417385636018036
22.23460469569344
21.977958726442296
21.884187083727117
21.73456137863308
21.54127006968568
21.486895322091918
21.40484868255985
21.648980785532093
21.271085904194052
21.164845530234686
20.58547763702734
20.4783665937969
20.54565554241966
20.333155769988558
19.635652393127298
19.511900579858903
19.01601935526356
18.838517381726987
18.434130915028845
17.775461294456964
17.600994886738313
17.21670231534029
17.714331476356744
17.60625155079741
17.407898814819653
16.96037603163993
16.64266636905059
16.151961889710968
15.76976130373637
15.447278276104333
15.810948732837783
15.769188471300842
15.12897853336708
14.846964913342152
14.392219564587368
14.175179334877651
14.163412539317216
13.898403247628778
13.71775216913569
13.958817036498072
13.581419082952383
13.191007268137842
12.202484771834142
12.420430519763807
12.645685066505113
12.63333045977566
12.943053926123573
13.177909480304105
13.077775718678883
13.562323282398925
13.3802979823375
12.901048349269939
12.636871544198053
12.102729546013865
12.035793347256476
11.842078063976023
11.54833268025872
11.692717215185015
12.2528804062264
12.298636959615662
12.487823322587477
12.457445129631484
12.36420950998364
11.617816717762771
11.173479540153346
11.225171559068718
11.213569973900848
10.84249660947565
10.536826697805912
10.66290426603408
10.858452316234663
11.393316317318636
11.640668363993708
11.953872435764488
12.007567341655271
12.659576578459186
13.251520345784304
13.480166984477057
12.976032224813299
13.110582995253656
13.332373153153418
13.540437394292002
13.79269870857117
14.1729316398057
14.076146502540308
14.047005468865503
13.940418409439564
14.07449949662551
14.632861014310743
13.995694620486628
13.477866989738061
12.771374476910584
12.375861756279779
12.798057257908514
13.204673569496261
12.806354529159202
12.230552736870692
11.8010221376858
12.189683316766288
11.737041749317646
11.50672834197446
11.625704473518262
11.80604969079893
11.694710080393541
12.010016725762236
12.097021296345781
12.742777845706204
12.771852213898363
12.621244387558123
13.522341570875497
14.160806650344005
14.711254835643919
15.731442524690163
15.339833306643158
15.76603693429862
15.785583666267797
16.46170091892044
16.74140008143835
16.448292486513132
16.719798970911896
16.76997562690666
16.8152955255624
17.157197172151115
17.069176606848437
16.966897104678086
17.33101315079738
16.787452193526764
16.924154303531232
17.116665200188883
16.677374062498163
16.20426166522
16.350808076305945
15.87220598234028
16.149235799356553
15.427298906658276
16.393315553744284
16.733119334220913
17.16843135985919
17.912631145590336
18.296372693986868
18.596732745687053
18.959829001999985
19.1097314052384
19.639959612805292
20.45449181361786
20.25084246779025
20.015741323016467
19.547107322766852
19.067072404424316
18.59574497544835
18.624256554342175
18.223012252859483
18.32082040036555
17.960688000774045
18.056504111622637
17.090802485614226
16.693051667974494
16.184219073158598
15.592993608932497
14.929913558139052
14.434119015981626
13.910609108439719
13.13377052427657
12.509584551407789
11.8642310704026
11.700778712962244
11.754117206732456
11.802719810233263
11.571505819547989
11.458653780360331
11.622803607425755
11.750327784442725
11.16562562862825
11.186849217687374
11.271450186389538
11.475081966431866
11.248326281008294
11.074160397818563
11.199869129222174
11.894876078906034
12.122616917083999
12.33384588444065
13.574079313704313
14.236734991738611
14.147695215898754
14.593682903236921
15.043444349282657
15.417196051153278
16.237305273794682
16.875074676598864
17.428558486103633
17.75705046933949
18.57025064881082
19.00377317381315
19.270767057004242
19.51541789393033
19.91653672764395
20.55185035022355
21.14399370990703
21.295908637857174
21.757407920170415
22.143519039218443
21.564827952212035
21.416339466892044
21.75614402506752
21.543275623214356
21.00595149631339
21.27408285868161
21.275874567242504
21.35840522745322
21.147750738979152
21.234389703152743
21.39324415902345
21.690643927512387
21.9070508071347
21.86890847999209
21.855590367239838
21.930009829278887
21.585861264644958
21.470282763510866
21.694949579243097
21.823713356780754
21.936334925398633
22.227912914929753
22.219955194855793
22.59860667302859
23.087945651181464
22.802836015954654
22.460755649200053
22.202452496262246
21.966619336189982
22.063702319846197
21.90447224848154
21.967537198808934
21.69383859671938
21.857522005537195
21.47505647984786
21.589772202135446
21.740932281670357
21.519780251699405
21.405459472029726
21.667403947344173
21.664868331346632
21.687608462615366
21.66182052548941
21.301525421836345
20.634940163222613
20.605967645570132
20.977590935640478
21.259921335918538
21.33276416734339
21.423171059856543
20.761319171266535
20.579598412838834
20.76945771654609
20.432307383280893
20.927070737403337
20.766993745606786
20.760271701913645
20.7920500215152
21.044237606483428
20.871815137287506
20.982265672968175
20.699506889033707
20.877621019473832
21.05221243913665
21.838029683833785
21.86946751526261
21.84962793642021
22.02902632169766
22.197937211404838
22.226716689013976
22.764485561959933
22.772201195214514
22.405914100403262
