58.33293698435722
52.44643258076722
56.690864321789526
58.25862694740302
60.928187689061325
60.39088581671873
59.00275167094336
56.647305725882674
58.838680623810305
61.80512135183879
59.71600584287706
59.00656792715632
59.411296895429345
59.12220325343664
59.10946803568322
59.34027807658603
59.2938257031106
59.60706810018392
59.985978751375164
60.13044577911692
61.70095179657672
63.19548840580452
61.73189125941239
61.15451250608968
60.15698615283331
60.458944672195685
59.52727777556665
59.69495302829726
57.960749764313775
54.97195625099597
54.601789688102315
53.08736799722129
52.14254535783126
51.96854737103179
50.221744335760704
50.06484859240568
49.13160467846128
47.60007986197517
47.05326325894087
45.862269619758465
43.434067120870665
40.73418529889097
39.799525312508756
37.69708949339886
36.036379796060814
34.64267348390981
35.88578889434925
36.33012607099555
35.83572468503135
36.4035550255227
37.03612045113676
37.384492504876995
37.183236890522714
36.59574302242412
37.79783487619326
36.90054720781795
37.49921456077912
38.57815990433164
38.15623873474659
37.8361999849924
37.98636293741508
38.920526644725
41.22999788644738
43.510698918869934
45.16658119384141
46.30372342372211
46.78778778843902
47.23129816435922
47.57581917282981
47.92001926655655
48.58517626476062
50.525223057676044
50.706703393748846
51.9977491255212
52.741922545726126
53.531643872835005
53.3684329615593
55.334410616637214
56.63874299304287
57.80997818065454
59.05441671388809
61.49887697752922
63.66086455954187
64.4232676014603
67.45363623978007
67.80173091585655
68.97036136967299
70.47222573190797
72.21251208933958
72.50092632161378
71.76663398758936
72.93592515700598
73.75287247109482
72.93523185052979
72.40053431070064
71.98422224305628
71.81903341120724
70.07642232237849
70.4048081659794
70.78031866320539
70.64215225935831
69.47398347955101
68.67912891114364
68.2973167886507
67.23462091220695
71.24820763851356
74.59152785517969
76.53392630662032
75.81657298454657
76.92810416215003
85.64893896000984
84.1465106602903
85.71161707787465
87.56590647431169
88.79942572092108
90.98725417472207
93.54637644426523
96.39856967472085
97.39926081026886
97.89095730462653
98.37875130189983
99.50105755823586
99.28522488695123
100.03786160907698
109.02865494194737
104.6139070587082
105.82498507589332
105.31764592034122
105.71733676472165
105.43770781502751
99.97256513540563
100.62566835247958
113.8286262297881
118.06995502493528
120.68310901572814
131.82002227150628
132.04265942855864
128.2878980595787
127.54493186188492
127.7586136115766
130.1074934830022
129.13079720603875
128.76969345185609
129.01922493560974
120.27309228469692
118.83973716189048
113.84994194090413
110.74901069939759
112.2482173861493
111.33367857572492
116.45567716576065
118.92148462819114
104.39246127697375
100.8523883537766
100.98349912672293
88.52904201564016
87.0969314892414
89.16462751233989
89.90612949147496
87.16176776884383
88.07381383585673
88.18225637376523
90.08462388603313
92.54545699216807
94.4032950009067
97.56263917694433
98.00639397334336
98.83307422816418
98.67757599402611
99.30517757430775
93.18848861897712
95.92822944956848
102.76026531779753
104.8256817916606
103.33636579261
102.36193072271026
102.01109803764663
102.51520431322005
101.77274110665218
104.64027950308453
104.36802544233892
104.75299014466675
105.6019760545787
103.57356433635603
107.54932810418991
114.28544068800757
114.65239516611373
114.71941025733318
114.24471038159875
116.37453954433552
114.90916606164129
109.35829130117065
102.26702845477355
97.40385358236554
95.72553801594094
96.74025885065907
97.88415520750839
97.41919898686149
96.84860836767018
95.45291238270826
92.29266723127665
92.1904701657777
89.27368973019767
89.35246656357667
83.58530406223784
82.23468087476897
80.43409510058174
81.31018828371056
81.73276775655815
78.74638496403745
79.2955927317059
82.14456559471334
83.24025248734665
85.93570858994424
85.35212916899135
87.0751550376225
85.33959626221679
90.26095081872543
91.02604553756291
91.31749929382882
92.59377629894165
93.92077786593111
94.20970902090103
96.83624559067654
97.12200127413863
92.23384271391978
94.0073000657328
94.06633665061156
101.29205972762291
120.90184522907536
128.10660927601424
128.39789108819016
128.39571459877396
128.05123194336187
133.6192982251033
133.77341058908735
140.52759008738562
134.7201044347922
135.9012469878673
142.68467669037534
140.92915604927407
142.3209023203949
153.9566208286348
155.16759329494622
153.25150212747178
152.14169332580093
151.58619019673526
152.04220178687578
142.0435633186071
123.51579093724528
116.59706103658827
115.11135787926852
114.73473719578558
113.76844562698057
108.70018981976418
108.9780702884098
111.7886524923354
112.47144978114518
111.33568003431165
105.66304416839667
107.26176536529178
105.73444438052766
95.85794722981392
92.02725397317462
96.23324129590665
95.93528434842779
95.991131383395
97.4564743837974
108.13765940901938
112.95804506419131
113.72979859814666
113.35818643624552
120.05688907216646
120.88099076168048
120.71599272296191
120.37838975831372
112.1979577159434
112.19997384593348
111.68161567175605
111.33348490344535
111.7453611320268
114.97534891252539
115.1804784359251
114.43011874904217
110.57544411016993
109.64450757559894
108.22738567132026
105.36110524700946
98.12476573645183
93.57725660042712
93.82136483855854
93.15732869273354
89.6628299017606
89.884158563618
91.64570522820202
95.28582156830205
93.95536131949042
94.19935839333502
93.44433847773509
94.53750459421829
93.56612175112022
89.41740415433485
88.28329949962028
86.39457305476877
92.44379644984592
94.87800435392515
98.00613263304896
97.53243417964757
98.21884115491935
102.10721330991238
103.24955022239608
104.51848868036241
104.67430887021695
111.20162567245939
111.45340245556179
107.6656443440706
107.32277463650988
109.56759020925388
120.8791679527219
121.90695531126684
121.58539866139495
121.25136330706425
121.47649158858553
122.60263960614445
116.80091160543387
118.3842295921689
117.62195270482489
119.8672536455073
119.73026050956405
118.00747447585795
116.48106030122506
117.2836735121231
116.61250481864326
111.38562332048586
108.6695640600808
107.42435478920672
108.51237640429663
105.99534600931004
95.53877259738934
94.00745709006043
94.21508494318152
94.59138192212967
92.84612946712488
96.22653925132752
101.51205999625911
104.08496465176741
103.52924677766127
102.29770738999765
103.6816648957625
102.00081862270054
102.49233493232543
99.76385245939093
97.26443813743153
95.78354077114629
101.94858637742307
101.36784113515222
101.59175138012316
103.41801241021592
100.150370786617
100.74336897791042
103.30585862184157
102.52965487158545
102.74398448293293
101.3589191468675
97.4078259961303
93.42260251036929
91.83323998675064
94.5743206372653
92.28862825783088
93.12897032462847
92.06559207703054
94.50990654614154
95.75225619028576
105.4404944209488
102.04914319186422
103.3279001162791
103.55566341848059
104.24943006379742
108.51473593851426
109.41051695828253
105.78729965060647
106.0514227258659
107.6202520044089
107.7725732649252
108.98937553091491
111.0098752729431
123.4891833973858
128.26847373594745
126.08286393200885
123.45149727769403
124.20144575074997
122.25362422538191
119.96529693866492
109.26647012638814
112.4641861167353
111.92947426966802
115.7231820569843
115.40107713262474
115.5120170507259
111.91099713888578
112.48854448206134
113.4568456092442
112.99976918684442
111.70698650459602
109.981186702678
105.56245729576418
93.99549087933687
85.76706903387945
87.19017357765254
87.86685400014626
87.67490998404081
87.8666105695242
90.15389263010316
96.57825481488452
93.15193855224496
92.79588775274958
89.85997004735182
85.82277884190731
85.3814733688781
87.14012806729815
89.734891893134
88.8135601079708
89.57936067949649
88.8710751195414
88.00662893520183
86.98310138573478
87.54061852835217
88.41328149687581
89.45110999543228
91.04416776679776
92.0190826290354
91.51623937199966
89.6139073794356
84.57131549316483
83.83400158001716
82.74726910673573
80.96854835284253
82.96603851484038
83.54676695631443
83.67506348782055
82.96443449597214
87.37733617005158
87.1039801839814
87.0099469703674
89.13195636553077
93.78125607828959
94.34498353076364
96.08720831483689
94.45602187036107
95.50889349498227
92.78742222559775
93.59562625474474
92.42147063153647
91.9393138867674
91.79429288626412
93.5358850032161
95.10660000175575
94.79929288336359
93.33587155140287
92.86486134117726
91.21746961320987
87.5369002058347
84.9662824191965
87.26009110757931
90.14199602020958
89.36374388234319
88.39760495542056
96.34452272352274
98.03530186244943
99.04286783021584
101.80674722818105
102.51570039412263
101.52878925216308
101.85663059024114
102.3541458924063
103.74929964434143
102.82112437084147
102.55983406211195
108.36199385443436
112.47543666753404
112.25859694922326
112.17656856364576
111.7571583374752
110.35613766434729
106.37118113379718
102.60262503750573
104.11054433535742
93.44606604959293
91.20344666731482
86.71682787420154
84.92109840495053
83.2198517938885
85.6248841653766
84.34083047605239
83.16533633535803
81.147563889098
80.73701822635311
81.20456169373148
74.81439302488374
71.91263374573364
71.90069406194472
72.20531797234996
73.43276065970464
73.71035738408642
73.19470649917585
75.13513112061237
72.84885998436215
73.14717016417339
75.66830431126705
77.80378928605077
78.38543681276971
78.58447369400119
79.36728466772517
79.43931605671332
80.74292466250435
84.02792829524832
83.48315015799196
83.47192553681336
83.76693009323435
82.571851791573
84.42061758450008
83.61334139086222
84.57335517430771
84.17426442568828
84.40466946864808
86.86568850092286
89.90052869538029
90.46597402165462
89.18873325224706
90.99855308380502
91.94877386669646
92.82143173446613
92.30014171207497
92.79231150823747
93.57856833369246
91.51833359410705
91.63217622253924
89.27561317622734
89.43680680398492
90.32917985870054
88.86255193545904
88.98651568905409
89.20727668602565
88.87715962638993
88.04682100576113
86.44982225511528
83.67958610667031
82.62938103891778
83.24777318919523
81.54463975895037
80.4277158527132
80.22530975703546
80.74578329775122
81.99251817264204
80.89007777809158
80.3610949482311
82.88388898126976
85.29700686953915
84.90581089258666
84.24716680861494
83.97370533871965
83.331698699503
83.3082771289906
84.3978589283852
83.4498937901903
83.8212829287811
83.34478976359594
83.90645542249499
81.81125646361934
81.9679341857173
82.0667453848832
83.70220886940521
84.80341253596757
84.09102867776596
82.96974137734858
82.22919591420468
80.86170553749433
80.80226608794133
82.64732863553884
85.2878116993385
84.81054633388327
86.3583163346716
86.06555871637129
84.64524909586169
86.85270322932112
85.3850912833153
86.05224250515971
85.70190972518739
89.46177318309223
93.4614826055282
94.5709124097297
93.25008829467109
94.09941799476844
92.45782380538152
94.08071447510233
100.6889375792628
101.48344864932467
102.16265615287774
101.76171584126072
100.88842533980532
107.27412808398597
107.70836508776094
106.25238617783316
106.20338545765874
106.13304639346117
105.47076442983605
104.64675595705907
107.75878245333715
104.255906391953
101.91930592146005
104.83808171671126
104.4986806713575
102.85368915909628
103.87153101644802
102.12256929638467
94.99189766393741
95.04063263848768
95.08658226232383
104.18382794611553
101.30868851945775
95.17304869974788
93.72231508546469
96.9677506364172
108.24185024492574
112.31655664921729
114.32241753493133
117.60847426275161
115.3446865715965
116.98659064181683
115.21296487015145
110.02155316392547
109.88636393597017
110.45190271369577
110.90258759883534
112.83995979982323
113.78900012957516
113.91564556504117
114.18147726197029
102.17162179618353
103.43292816263163
104.8398657111043
105.75223054523667
104.9974724588579
94.61698212719702
90.87872780901549
89.37933636551935
87.34082933585088
87.41545982837782
88.35434201985457
88.17553660595664
90.41243361729613
94.35872002732627
90.81612068100756
92.34579004588437
91.18491236199114
92.35086933105056
95.76421051910104
95.01398325493696
97.20682671916653
97.53985500587942
96.68558414499152
95.89276260764069
95.02440872534787
94.07763876200082
93.87144424424821
95.32099976874538
97.79900370489511
99.75057271487569
101.5837620975531
101.31372135590934
102.15239681143552
98.31730594690454
108.29681369379607
105.22227140495988
104.81326610034375
103.29956665530702
97.63840737539407
97.42368956410026
97.21606616101984
97.00773248078863
96.48837022218001
95.55967914335815
95.03076631413077
96.05119225467836
94.95277094470273
94.02522030697686
93.29803041441141
89.03862623336634
86.65513980767963
87.03443707436186
84.82792387672701
84.20297729824694
74.25567554414144
76.63566537004452
76.9941251229174
77.61429892345515
80.12136047567
80.11042014051941
81.66703419521227
83.31151143156907
86.5054360311738
88.60206634464559
89.21899577488037
88.6615514789703
89.85153077605922
91.79079941771724
89.65426321742996
92.21255696471283
91.66339110639322
90.67509389331114
91.83552042890709
94.58236988740663
97.1341505351679
96.31026272314598
98.73348551527334
101.59550393201368
101.09690025805676
99.53384570622579
97.61117510117455
95.63641077153655
92.99505842647396
92.21867201930125
91.75674735147025
92.23085871259767
88.61036439913684
88.00361463195058
87.97771504159294
88.38011310612089
88.60709821054198
88.52120949712396
86.11643780537908
84.823869168651
85.10650835645376
85.05777463945405
82.45541870005597
78.80194951588375
77.93355914587472
80.0126017850803
81.64036626228406
80.41926407806419
79.08338540256099
78.80412107334092
78.18623076719209
78.24614991781677
81.2493444358955
80.18199480711034
84.52956682966179
83.62180820569749
82.31844761280288
82.40705367057504
84.286063549435
83.85882849571534
82.94245968989864
81.6814675972127
81.28875289731653
82.83115153759931
84.22657063827786
84.26574967421479
82.82806409613292
83.47096429517903
85.19881761260504
84.20032509061397
85.44166323424322
85.67458364118025
84.54867150656234
84.65345601243898
81.15969993508226
81.357500931568
81.3255872053592
81.86336119726369
80.42728236601938
79.31142206877469
80.49493704701305
81.80147253567785
82.34795385390225
81.0223883958164
78.62933147632302
77.67711743648456
78.49737191147842
81.61545089993828
80.33222498199085
80.07834284854232
79.88561183728476
80.5571601132546
82.26047334978634
86.26878113863053
86.18951217879963
90.93350743609594
97.06896982108015
105.23615333353841
105.63338192357715
106.22045148609732
105.65182675686728
109.11010860299356
108.49358847169917
108.66760241871673
108.12427325035074
108.39610743477824
107.59278844194566
106.0069417632692
107.36193148255242
108.26698435290491
107.62331831532387
107.92520151731439
107.26876412919005
104.01863550965201
103.09558661672807
98.50064438793962
90.94268054812807
83.20343583182226
85.27453936908748
85.0974798461798
84.71048607963567
80.3332970298934
79.29220643128266
79.27357387176754
82.61873472941349
82.54901689783546
82.81881180081672
85.26245643753612
84.7635616176359
83.85028844129316
84.88229481688867
85.28447033041833
84.10818111298676
82.86484519928783
83.26981818230612
82.85673204271872
85.34628384191036
86.4664606072074
84.4098222654857
85.84408977905107
88.2143688484705
90.22189307187665
93.7268305439903
93.43905011942232
92.67089161861846
95.6954404282767
98.38565310031734
101.6577111793554
103.29972835220977
105.81837084576043
103.99335104747522
101.53567804444491
102.10796636184376
100.35440444727104
100.0879321145673
99.83699962944263
99.06968779417483
98.40472798340417
99.51540522765916
98.0594847702055
96.61500466205652
97.15723872667414
94.9078915794917
94.30891023800874
94.10310010425816
92.9257221385968
89.78769575195182
87.03685863857152
88.3248961852029
85.25539190156195
86.39174935164087
88.16414014727187
88.91765971647695
89.57672057752691
90.15239776073778
91.44694597175885
91.98178086389488
92.18408185583753
91.54776157302062
90.09721508596374
89.39095508510826
89.54335638464626
90.21712057545757
90.52716771188628
90.5700133579246
89.37114068842786
90.83596165510144
88.03738899341461
85.28380320488118
87.35794984052947
87.93223728773818
87.51065888428873
88.30167447259389
92.50985485278754
97.21412857051092
101.75320837547704
103.95077337089485
103.49760183618885
100.70666382949176
103.75086053161638
109.6620793665531
111.87258222374096
113.01247224783837
113.72904573579324
114.68822389209201
120.96419919706682
127.12941377486811
125.94940257239853
128.8170845133556
124.85403936355593
121.72739278174917
122.06028683903068
119.76158911509692
116.06948246929224
110.65039601505171
104.85692889694083
102.46563145765845
102.02280294667503
105.16726642797289
104.36018176810788
98.99911128436048
95.69701879366443
93.73920308530079
95.36438520692802
95.33056997333424
88.33917623853337
80.87682577518032
89.79079185898736
86.36243463499781
91.90290326313003
93.40401637897965
92.96596201840177
95.00225865606963
94.53811050729497
96.4078032960198
97.68069838366044
98.3391232357018
97.48042718165597
97.95266284010005
99.7098715660036
98.2105193943051
96.46232048507872
96.76297502129106
95.9507899121573
95.10446413960315
93.29067464177442
95.71801863688441
90.16679150201361
92.28563626698127
87.72647417507342
90.52229519190465
88.3634634761106
88.15398082399028
87.45371067589608
84.87732462662042
84.54435827532504
81.70020633324077
83.12630396678475
81.81305600006155
79.65093818561692
80.84134379903062
81.49461220301286
81.56293631788466
80.3794388402541
79.74064816588984
81.81635361771912
86.29317789392448
82.2061866435254
79.43289501607327
82.10712064370944
79.98899210883313
81.45990694156124
80.29555289910084
81.63845755897403
82.36620347390951
80.92811594562134
84.36435598582223
84.10395867059198
85.74400252460084
86.16778895050139
85.41834565476321
84.05267818608795
85.3458494066189
84.4862285303722
81.91439624231904
82.78656947270606
76.01972262048528
77.14225690619354
78.31583490098726
78.85110225604826
79.52482971335898
80.01236440520043
81.09748899790881
80.25225502546733
79.8680425741573
80.08176754812304
78.32284643578511
77.17826059710754
76.33258056664387
75.34760700443121
76.37670747746634
82.85265053390796
82.21960366648193
84.02149570238198
87.23393512726375
86.19027054570446
86.54112006440509
88.06056606664859
88.91527400223559
89.05640656729045
90.1879221987497
95.54107873803274
99.09796808507565
100.74544993319088
101.96308771269244
102.26604542202118
103.13552707469458
103.27405698440009
103.96252390827594
105.45303937168482
110.36107574643032
105.89598961794634
106.09450708520933
105.99417368078662
106.90957977101701
106.25339827558807
107.56572265610048
104.64706987525764
104.96106399246462
106.31048646438512
106.63343918469764
106.63531929381747
106.49760072223603
105.88241225903175
106.93969355891427
107.96557196815442
106.25989561425445
105.90216921242354
105.19478459495085
103.42572832663248
97.87690276294043
96.735607398086
94.93807324882093
94.06023921975374
92.76266217405713
95.28361631492353
98.52275350428111
109.3644963817002
104.78291993092682
102.31582473111632
100.9054083559962
95.07432687083534
91.49616060766323
92.00848382451989
89.20969983468797
87.55951677216386
89.58676224629751
90.61015588424516
90.00655342698312
91.07714522063864
92.25576922276352
93.28335902270825
94.81017871988031
94.1467937165788
94.19157165806827
94.17730888789741
89.86875320806062
79.1293462186483
83.6778446050949
91.17012108610125
101.45754446337219
102.08983629460036
101.73795195329771
107.42724688596743
110.51339692565439
109.95802945408725
109.02506473834278
107.80223447075036
109.44422731561481
109.23143661151705
109.14964028386312
108.0355500222641
106.51138998645277
114.44396153376718
112.73876631220523
110.39559258206592
111.30874180715348
113.09037369848434
112.25397789785768
106.47946037202044
94.24451570078202
106.84030722516334
115.30856049935726
117.94604764000417
120.7285932326287
121.64321177606271
122.64621483570124
125.57465016942794
129.53949572983908
128.66897341976104
126.45930111853716
