29.639731490401573
28.382556189331655
24.39646560970182
23.49236608366142
22.58551726589271
23.47125830949163
22.997614176227266
23.73492707913313
24.06787852749592
24.54332501759733
25.70954937595747
25.88221445387592
25.810567201605387
25.936199107883105
27.15123602283092
27.03210273046158
26.917515337551407
26.720028691269718
26.83366315817344
27.071438088197176
27.112491270752287
27.058098851274472
27.953472538993527
28.269798691301844
28.85402411844894
28.85147430926167
29.13434229050548
29.01698492786092
29.25598661424518
29.534301073617332
29.274214871767242
29.217905378848247
28.933120428219752
28.564982436576052
27.705861256074748
27.950683668889646
27.92243519128606
27.823224311543093
27.538235699880268
27.180375751562366
27.175946648745384
27.045581361076437
26.49975346821635
26.466639605427975
26.364473792642958
26.44218163922044
26.479697698248323
26.702782115896177
26.504341022857215
25.988221638290206
25.926992415818738
26.069839851333022
26.493935503286558
26.75926685591383
26.75861152105703
26.51650259250938
26.618009390644147
27.077519158552512
27.6744788467416
28.053192987501497
28.159696445741776
28.560193735901585
28.840412699021222
29.27296418180465
29.60247289851332
29.706271587733333
30.878839758974948
32.334393129376096
34.38941684826537
36.55821612638495
37.10890658307797
38.495874321252685
39.44549826703199
40.73895726978272
42.10789664881098
43.68868882992324
44.682317972320874
46.81763455299371
46.957867833364034
47.9356602384057
48.6538954334824
49.36748431571696
50.32997665214199
50.300415041526556
49.81030207166192
49.454631306803506
48.37594959939669
46.76319324969278
44.78870259122417
43.03089930005255
42.53839468351812
41.05714110627972
40.27313220580082
38.188079239593996
37.26714625066308
36.84728255150202
36.38787089559716
34.43364088312995
34.4792495681217
34.00043481732759
34.3657500040487
34.460693698413486
34.4634774474429
36.54362712110926
39.05864419073403
40.69973654672667
43.20126030569714
46.014547977044444
48.83764384712249
51.56576930788318
53.57709341029947
55.45642872942593
57.56911807444459
60.03011701543462
61.85335049633297
62.6617630436114
64.07110532942171
65.01806986589901
67.38048141852923
68.24221945709259
69.44397709703009
68.96721408128187
69.61995876892504
70.00896005117778
70.69670797165438
72.18093211315012
69.56204835855358
66.91001392588622
65.93564933407568
64.88530567131053
64.73973274984908
64.10104510184718
63.64406334308471
64.35341901888832
63.957893276032145
64.77764961253415
64.47948834442543
64.86891235761757
64.20980442839907
65.09039050451086
64.70420594175658
66.1934586149857
66.68647134843637
65.6064575729131
65.22989627302096
63.76573659348637
66.07332000462638
68.12979066807563
67.41821958238532
67.07242971164382
67.2063880554596
67.83254027916756
67.55564710653752
67.21104263610356
66.29091661181879
65.97736196929881
66.48527214657938
67.23504320193285
67.40876979575751
67.75551105297694
68.42838327032564
68.27365982153972
66.96073937596756
68.07497775679664
68.04114866654454
68.61473380116935
68.52152590498116
67.27512456980597
68.7484921275294
69.60189829974465
69.49954418469773
70.1943647614982
70.39739687211713
71.0776554577187
71.36421338739574
68.24469818960186
68.00258923206103
67.51175771757885
66.54618448610351
65.30250125548918
64.89597042951192
65.34134998562925
66.63459477741068
66.21343524898876
66.34289635717278
66.63371695818263
66.08995347427066
67.52315683707563
66.30221230873303
66.10404966768564
66.17943918672651
65.19077081143381
66.23853796090881
65.37149385151912
66.43895884230946
68.93973738853425
68.82569847683749
69.53871547492604
70.52781907159773
70.4100205884267
70.47165308161584
67.54403157472774
68.24754565646126
68.63822801032603
68.2617876375119
66.92621385032929
67.26668879723945
66.62406567925231
66.93775821967698
67.1976080489122
67.2994206689286
68.27638599060923
68.36619217589742
69.34025285435185
69.18373695923447
70.84035413969124
71.66298977817044
71.96055961149571
70.54880282049517
70.48443516824818
70.84377971743741
73.98244686277702
73.51639903476489
73.15861858241124
72.70569761743425
73.82256027321868
74.39703328121435
75.08612031937528
75.97810942808476
73.68102308865019
73.74426916284315
73.6168000134526
73.05713274247954
71.37869815340646
70.54765668390539
68.70257714208428
67.75400020013397
66.2557981936467
67.32611516581333
67.7969252698449
65.94700216543524
63.64261680799768
64.14600531921137
63.6366450729764
63.22384523233252
63.14255201046912
62.285941006930024
60.23363984882933
60.065053764074364
61.544920598189854
61.13024542819564
60.61335409245174
59.989189145780095
61.08011507935295
62.1608545303068
61.58700429900904
61.664630999955
61.678016151098156
61.93193284858237
62.17296400634782
62.50708879174698
63.26730187329823
62.583769339602064
62.409623866737874
62.06019245843262
61.94462579362704
61.62208463482011
63.26125458523235
62.57955773679305
62.037944608703526
62.6898887561735
62.69932912005995
63.68693632516928
63.482865429262084
62.76093602325015
63.52463020807956
64.94190287992436
65.33263409520006
64.17049380327686
64.8567404819536
66.19828470738166
67.62122167179807
67.40831585006941
67.8753092692551
68.65007981804422
69.1133671110696
69.79219723708309
70.09999281889627
70.38699294467503
71.48899156333131
70.2317224558154
71.00739627551484
70.69285735071855
70.1185446980127
71.67222842180345
72.31383311099377
71.7138752607236
72.07714980687777
72.06158789989021
70.37533640601113
69.43555427060413
68.50185664543855
67.71409885476116
66.75997144439378
66.55233765884076
65.48172089808155
65.45177496783347
64.52310541753475
63.90854615453311
63.44322785460797
64.27008315023247
62.98374647299012
62.43839324001895
62.52454693371209
60.76472780806195
60.02121176148056
59.31725874624427
58.50438784611102
59.02266699657913
60.22201682739585
59.407264190128004
60.06865770998958
60.227809734417484
60.89721355018979
61.62005830994627
63.45945271837238
64.01974453822008
64.1371945663687
65.44742167536987
65.31125024658999
65.14007644531787
65.36615627525848
65.06423094007395
65.16094638529299
65.12816665196804
65.01992295376141
64.32639566396001
64.0509254161566
64.17924236731838
63.96141263530742
64.55118126962076
64.32872056718823
65.01910170952942
64.40265913705478
63.3697637823768
61.98569321463837
61.00009917866902
60.773618639647374
58.661730459384685
58.684610964467154
59.26831895298925
60.04736882387116
61.35783615131559
61.00058190833753
61.45116998554023
62.23624627378267
63.28487525689936
63.41688388527382
62.659335094940275
63.25315285652664
63.912287227444075
63.88915644844364
63.93607433791175
64.54668806268529
65.76016747363877
65.56148995988568
65.87448281964194
67.04900263089255
68.87914569897366
70.09958189519762
69.87391883370944
69.4132310113608
68.61452553197105
69.77194197568646
70.6619191524953
71.121900253281
71.24898119022063
72.29386850035647
73.40503136909157
73.16450004247208
72.7964368479168
73.14118139570844
73.41217755378715
74.09935504098094
73.04410531544721
73.8572400619453
73.76755100317358
74.23591329871091
74.42105975507305
73.01037790849709
72.04822304635216
71.94434533590683
72.56567568133951
73.21189795129882
72.65182804428487
71.54492564503803
71.55750081641618
71.8452539390008
71.88817642856694
71.98468056716028
73.4096168759975
74.42359899338018
74.86357846111113
74.15398746978632
73.99160986515501
71.62882092321877
72.45291439941295
71.34255973128077
70.12829672211514
70.31598801953069
71.41122027834551
70.83647293957556
69.21340193734383
68.3924179165496
68.16151900986694
68.390152253413
68.58990177650522
67.08013672172078
66.78763283172728
66.52581313280514
66.04085765609025
64.28676413083308
63.8267754933193
63.03038650375383
63.76865305950171
66.72097394541089
67.14903244096543
67.9566584190331
67.67544365981242
68.16151743778155
68.31988675089609
69.12844272509031
