12.239898481912574
11.855933451872747
11.314687811979098
12.354548627034747
11.557191937286472
10.850167651161797
10.024860552718776
10.204507024946164
10.04089319100275
10.078833450339237
9.889125011573457
9.779985175909326
9.674510146768451
9.380350564001509
9.13191519389184
9.031483746757104
8.88952066424433
9.169909239563815
9.276848629292259
9.353402987906378
9.2160852864704
8.929808061959873
8.686178973781114
8.299216280147965
8.188097059284358
8.214110791500119
8.397699041993112
8.310270491799313
8.459461691917781
8.482414837573755
8.625563831334693
8.56493346410373
8.915630186407114
9.195944360827866
9.53245834157502
9.75834625226418
10.085464003559412
9.98418595340117
10.211744322885476
10.389468650573145
10.740482909838763
11.22937648108139
11.537661521922072
11.678841557005367
11.911353336278346
12.132173309047163
12.230099707819468
12.233201998152841
12.145439261007574
12.13719117284623
12.085484751825964
12.436874377041597
12.102811728868119
12.17048664396927
12.023466366795583
11.881444760803722
11.820522984778549
11.7731973359213
11.402970870406822
11.058755910324138
10.719955798605136
10.371613585519976
10.076627374415063
9.797463016555989
9.553260198734995
9.382511013421393
9.212691530747193
9.038799355076442
8.809049771694887
8.52949460072123
8.379764975950408
7.974853305092796
7.979104706714551
7.892019971763737
7.959227336130806
8.135235479886367
8.585437614809317
8.853120140097161
9.072887778281727
9.274634007829599
9.506954976584215
9.581134395796893
9.841260354924112
9.97601044225851
10.204200700285801
10.37143890620879
10.459013258832474
10.591399445378062
10.898002562261178
11.101992954477389
11.073312853371757
11.574309698055108
11.927524800351737
11.920418419057793
11.950094736168754
11.91205856969479
11.36271442242823
11.014521561893257
10.960732682505169
10.912058002901272
10.661996473726422
10.647133547607769
10.524078075609602
10.551933452768798
10.521418551826258
10.344206410382885
10.201627681893816
10.124567570717172
9.958383838112699
9.909828700201903
10.04153991367602
9.817100482381534
9.672550836636898
10.05575734268903
10.28091366064597
10.345862177820337
10.590470638777333
10.86001277712859
11.14494593533032
11.177272895194251
11.411097353418777
11.453813598265834
11.619518457187693
11.685602630326985
11.746157173523233
11.72216975033422
11.931483908872691
11.944513446913081
11.846842055386848
11.769504459177032
11.79321185317965
11.65811618583529
11.493393181704455
11.054170083321265
10.622902846451836
10.304030255246849
9.91259538993215
9.695437533519836
9.243719717073924
8.988917705669559
8.496640222744906
8.188841659834463
7.85946142286298
7.685510156438747
7.484144091865005
7.625900185446864
7.535876331775169
7.531631688926213
7.661428710277681
7.755779354567818
7.701676570979302
7.627539123224916
7.490908508400909
7.38827323420549
7.527955604864483
7.637482267603974
7.715793073098598
7.952913295315161
8.147143113593922
8.45459250965468
8.783477751446876
9.060088846412514
9.3510977055053
9.562747017241048
9.770496063218422
9.591885581274806
9.357493596992864
9.427459662550655
9.340552769533007
9.264270972906735
9.198534428527129
9.17807608347781
9.226859239589285
9.238289178196364
9.15450187726907
9.256723325416036
9.303766735040899
9.163066262973096
9.04771224838396
8.928945315523062
8.85376690777257
8.776783685157149
8.64177089516007
8.456314366068595
8.277176870282927
8.324411300063826
8.743101720602635
8.929460436138626
9.255158118701274
9.612434322688404
10.01258935407548
10.337176239722407
10.674482861165956
11.000690088651577
11.261804984504739
11.414758875388014
11.722834807699366
11.950621700019427
12.269752285565396
12.469036525413358
12.78354914172981
13.078637662756785
13.33565682827284
13.769304218483061
14.157750203652373
14.61543347548467
14.848098491026477
14.885224791094762
14.977910817794074
14.993105290682923
14.915452496657883
14.84093149643497
14.684034894020229
14.685813128605858
14.59349831243961
14.569955146615873
14.37336829580388
14.449679663673924
14.095645374231859
13.88128279209767
13.594062303730832
13.362810235291201
13.422437551640073
13.240243292969975
12.93430156165214
12.685065719242383
12.474831980072176
12.39898755919202
12.14369561379702
11.969984366205043
11.929468948169525
11.840390542069603
11.98546899011755
12.081772517475237
12.173888670398814
12.279879829815266
12.411294236378849
12.059240629387727
12.169539142068079
12.664695145747377
12.873176105378871
13.132753505083874
13.321294199174664
13.726307263298125
14.142719146260418
14.399933329341689
14.639261338444765
14.95670350332814
15.188909806155058
15.32631054160988
15.3607002386812
15.703229893070716
15.797312120157068
15.84129307702771
16.034263294076204
15.993250477228958
16.219369260183075
16.464647639789273
16.579877020502188
16.42129017786191
16.211644184435904
16.021236164322325
15.473589088979475
14.927869009164457
14.481601454477266
14.361536650135829
14.058948694741293
13.636761266661356
13.401108441770976
13.193692178083438
13.199229171702537
13.131225015602775
13.047043488308692
12.924113675705504
12.672240857643164
12.622628073726181
12.413984520834848
12.294024173732847
12.167006475199555
11.773736210043538
11.604769243629493
11.465533598165312
11.49456205768985
11.626454355374204
11.716157084542324
11.420181275631306
11.721168769572646
12.08556529461508
11.901760433602298
11.767541234227396
11.54257555569209
11.000066999659916
10.746497733284206
10.758843352100769
10.6453786936291
10.348562880400804
9.946581861128838
9.65340880897817
9.461371637924033
9.602646956953196
10.166609585288919
10.893868209347053
11.516944784768661
12.001793670680229
12.574259453419717
12.760459435539246
12.774113107645286
12.946487304175221
13.517792541361436
14.694754931580942
15.316674300618155
16.12538278539443
16.49025277642778
17.080877411747217
17.492912985476345
17.77239762547726
18.0794662152278
18.438546968231105
18.912655797054597
19.230481798996525
19.436041811608874
19.763442866002887
19.889115501796162
19.820902706962976
19.569934632548176
20.0039556763577
20.138531316897737
20.061678499872492
20.148985529800804
20.284458283438756
20.599615241956286
21.011333726848086
21.32211787237133
21.19062845768851
21.3826977087399
22.21595976699235
23.056486235296973
23.165971961739253
23.56082804405414
23.518429470573576
23.38027488985521
23.186456118873185
23.364213483000007
23.068319419547358
23.3445203718784
23.484925902368385
24.063653536854336
24.16469176349719
24.18840779542189
23.536057973599743
23.507052224921072
23.214783982209475
23.18387619454972
23.099820404377873
23.05845897164947
22.655459390225587
22.41307481982718
22.598842106375628
22.2354331046807
22.539012463799207
22.554703862844203
22.260064635319615
22.017003093866673
22.325152647561474
22.33982540119535
22.38110542200039
21.70086064036938
21.544578955671863
21.589372963222765
22.035973594788935
22.259850865113847
22.262161421642677
22.29845039297916
22.597393388751765
23.024199231851746
23.665228328411377
23.5425050150869
23.927519104015527
24.356763422897284
24.494052817715815
24.481984527186622
24.552908621078178
24.62359684695619
24.573367771615985
24.96563186401
24.919936976432815
25.197591762494774
25.98984696511682
26.252935011473767
26.1711576755031
25.73191691473044
25.900190494536986
25.896947990299292
25.41786015048811
25.170724263853323
24.579878916473728
24.752525420855243
24.516965276554288
24.40079904625987
24.528759725650595
25.050632714221614
25.349432267862788
25.629276495419855
25.874429474004206
25.54153587655443
25.59767082142514
26.20734936621252
25.61670866365521
25.29113913995831
24.957917394551778
25.236068492297328
25.20387238419277
25.023424719594693
25.199950380592615
25.34988963942783
25.188431097962088
25.036079510452947
25.063959048131526
25.07267323501394
24.73594932103559
24.190060380674293
23.89378074959955
23.755901865331577
24.230930246776047
24.584897603169164
24.47239344233997
23.895560544556467
24.058483459634704
24.196945912440277
24.182724633949125
24.27453209225117
