16.11079100572013
15.83995727430094
17.70205755461084
16.64167178085228
17.116257371049862
16.881464572867483
17.23113366478397
17.59089498414756
18.018319173574124
18.72560456062754
18.762846014296528
19.142954123950453
19.59450688914175
19.50775099727098
19.707885081490243
19.690877316097573
19.648866506332993
20.188927864306397
19.99945527811723
20.104346804987138
20.47707671833618
20.813389678553825
20.87439953807844
21.301189117614804
21.57323230878731
21.927383398692267
22.201046494364764
22.3260602860071
22.510827130656622
22.28928190134517
22.22110063646368
22.433103240348704
22.36157086117183
22.54404035584544
22.644085499165943
22.705466931263537
22.91215097998618
22.659864808526095
23.03870086338264
23.041216351326177
22.926878172719334
22.913975183779296
23.033789377843913
22.914534854145934
23.13674937864925
22.93224299687332
22.614697916764097
22.59627517200645
22.116526260318295
22.645158807774987
22.91753499214051
22.66334185334645
22.608388042005103
22.71025325016573
22.592673823183365
22.548848294458544
22.798654014512373
22.780922823025854
22.70284698823767
22.842767481489435
23.02751626948534
23.284780683625705
23.2835453923458
23.55136937197412
23.077963922987557
23.12626356434183
23.19085193405786
23.0843359384418
23.747026914118784
23.525802812964624
23.728988498382417
23.574634878912025
23.35137893760831
22.940761804837155
22.646360842174193
22.768481558317188
22.70565980796874
22.258483246054688
22.334858213469513
21.96945016012981
21.98070680585075
21.51262114459917
21.60491603703995
21.486768234728615
21.723381522036412
21.922061828189797
21.453758983730694
21.63792045146679
21.350527906355726
21.123786580557994
20.87740498953007
21.186662013902396
21.60267566217475
22.010766618711997
22.46990967147372
22.492989642372024
22.387762847485774
22.851966151569822
22.702134388725288
22.77814051102335
22.811292171545716
22.893862116925078
22.590001943384443
22.680221559736747
22.80187399600521
22.723656647895336
23.580827103056997
23.73917831634869
23.702685936801707
24.121822193782776
24.069439644393462
23.667665896922394
23.41221641717361
23.25396267034832
23.13369262572606
22.716898617674943
22.66771231633895
22.766694095355952
22.850603873417583
23.315461306205194
23.13684673585578
23.362060763870076
23.355932671914545
23.130611751433978
23.1022376373411
22.961525203485312
23.13528370366948
22.92121631584441
22.90912672683175
22.387939391165087
22.45570088548175
22.68936420129343
23.01482317182483
23.228639386464618
23.186809693374197
23.757876126827686
23.903620283896636
23.876216188525962
23.778724534809378
23.8262052253762
23.575471457708897
23.553704605665278
23.687437570607496
24.165660715500906
23.98974026092267
24.221703387355927
23.782126162712128
23.85244340556342
23.951129034085803
24.004541474878145
23.61742114913664
23.408615033881386
22.97230216784491
22.928277549310835
23.10498869653641
23.034450868300876
23.050457035612023
23.050676100425314
22.902864985018674
22.72194251155549
22.996372105478233
22.869777046727442
22.589559981651377
22.208520885829873
22.268346992176525
22.138009494735815
22.06941845636377
22.217760239917887
22.16917934675004
22.26609669279707
22.560847406811945
22.319339917765003
22.531106586330818
22.594088448482637
22.478189662849324
22.443763384675982
22.289985443865874
21.971243030702617
22.174121944923517
22.041024939527805
22.05250002646466
21.89911044597367
22.069864875080484
22.190831002086487
22.255125399361575
22.244810253755354
22.231895297769977
22.018058411433135
22.312311080180013
22.535389884252375
22.978548837225887
23.512152262589613
23.536761371798093
23.293158742603357
23.371820072955067
23.41632337827677
23.553794028579766
23.79005723916377
23.656243085341124
23.40044643415468
23.14961303600544
23.171878066907503
23.404761671108382
23.302292723238335
23.107194786411846
22.884194650435056
23.103686947125947
23.203442071911805
22.932055575864776
22.73239259903241
22.39310124735207
22.603037140831052
22.488825513268946
22.709303658432397
22.47244546800121
22.534888471104065
22.070939811956443
22.091471074268476
22.418100644564554
22.82004234968118
22.534879008420926
22.87216947235917
22.64075798995225
22.36703453491156
22.575155701634802
22.571534941209904
22.366772170936912
21.944217635440186
21.742597618308615
21.74204226903158
21.48724448858011
21.058509031494715
20.78112062520271
20.463314468922356
20.521847064135617
20.221296984696615
20.529943157009182
20.6727550070003
20.410301048277134
20.15007118081704
20.979084106601682
20.704764652334585
20.871282914868722
21.154149363510875
21.097134318214025
21.414890773957175
21.436487369642606
21.649613114960584
21.797224697525955
21.68953347519658
22.01466067375198
22.32246427756956
22.958436085096324
23.21922066368981
23.070365174239104
23.18722240793836
23.15929818442457
22.72044354741484
22.380187175654395
22.40335893993606
21.85924043955569
22.03360788182074
21.685737123870346
21.506095805901936
21.296884985539823
21.175208364492754
21.033847669494303
21.28047006350709
20.962487127902428
20.96117181067601
20.81574466955225
20.61771772917486
20.34492459144401
20.27244152784682
20.35210602984605
20.282504373613698
20.361359725886935
20.152733329424603
20.584766947947102
20.7326882009152
20.760720546492824
20.510937540669456
20.684503102307946
21.17728152748524
20.905962518214515
21.038345167440603
21.188247284440045
20.912043531485075
21.156171518976297
21.028665767704855
21.059262138365774
20.85496014066369
20.896429638217647
21.04975405591453
21.126354928619218
21.277415990120346
21.145545193509243
21.26483085990109
21.099850288819503
21.022546567619482
21.366268975690552
21.636408052567084
21.829167499024585
21.48727300896857
21.857438258396762
21.859682505170074
22.062010354221158
22.260845291977752
22.41096917928147
22.726672103059553
23.049354724546095
23.177041091779376
22.82948306825679
22.69826906311011
22.744345075967573
22.5189802875093
22.7850560915023
23.303767616986924
23.526348023863456
23.6446194474424
23.299497290147386
23.169331438117613
23.00344208752408
23.166958858662106
22.752044549054478
22.512060306969044
22.263486059705624
22.60568303709758
22.695625877345826
22.668815000469493
22.472697468611383
22.37803383913948
22.615101364607316
22.751791946288073
22.888074367937264
23.126034122704556
22.737928892559776
22.51908626630803
22.41146900488902
22.17534115803951
22.382459724602477
22.440855682540008
22.58646928836418
22.5636755930212
23.072510406143685
23.30729226505824
23.196293101034595
23.072116978736226
22.7508198805213
22.77777826298996
22.61613740163809
22.64929165578672
22.706270552068037
22.6213083731676
22.628806337636117
22.71768296263994
22.995293772021178
22.97909111773634
23.10566893036083
23.170047074345668
23.224972322260914
23.289846528204343
23.091325877513036
23.037340730787616
22.700915200960548
22.506661298883134
22.588374937812432
22.316417179759853
22.259895153881253
21.90543219589589
21.990580109534285
22.240680678352625
22.215837092372844
22.221696307494682
22.03706441020663
21.86173757927389
21.812569548627007
21.64456272094872
21.562495418232764
21.79943505708732
21.761293632761394
21.827661733053795
22.081481977818637
21.962245099519414
22.291538421895087
22.661780660432022
22.80864378947233
22.868008152316985
23.107455428664544
23.506055925742302
23.265665541145673
23.176776405782427
23.302053130953606
23.341230502693996
23.34598434903942
23.325651513612662
22.845081447086947
22.88194084357576
22.719682299962408
22.473032546419603
22.6274149220201
22.442667607249238
22.40676123276121
22.543466680566976
22.530309838901875
22.284171148603054
22.107617600018806
22.150536471039352
22.225862693856325
22.03686424126102
22.342624301486502
22.474297176443198
22.41242748797378
22.256180038626937
22.047038349137104
21.9332602979849
22.42633190445469
22.66093551099988
22.81246421166571
22.748404318089996
22.50121829371497
22.39285106191549
22.27729283362222
21.977507046565094
21.44877842033308
21.39235642769671
21.382516911356248
21.37348841135298
21.168723359176624
21.06284545607642
20.952413017328197
20.627552515553536
20.37868582555912
20.429500502686125
20.531552581402636
