55.72053962565519
51.90112214815698
48.12645325427665
49.2312653243262
55.741693092212245
53.11705735683797
53.67463565397936
52.89393192677422
54.55063003375407
55.2301248504927
54.37331742568936
54.07370772965286
54.80187018355066
54.06772264497467
54.68363779384536
54.47169402200248
55.68770575151159
56.21556087828044
55.430064800119524
55.673138715672806
55.04810603810468
55.27029607774621
55.53194990469808
56.14492337602367
54.2363415207026
55.05395387420377
54.62656764018627
55.10673166282817
54.57432625976713
53.97341312515416
53.39437466469872
52.86616612082723
51.56002520924015
51.56614036953882
51.00164629457699
51.05629870673815
50.06718638007192
49.5661585362894
50.459325433718206
50.089475042345946
50.23361661379607
50.7487513139894
51.5411702444723
51.752600933932044
51.17948850834565
49.080514944934436
50.256317083997885
50.12034010196533
49.877223807897664
50.84982966077929
52.563260181252836
54.104332043053695
55.36706393255908
55.02927247130367
55.101459282757205
54.87659965243895
55.14853572568997
54.55720690222438
54.341879550177296
54.64097791781286
55.50761293065763
55.702803445821054
55.246025425344214
54.08894448052304
54.61305353578867
56.790061455850434
55.47885750235754
56.130721517517735
55.96501191484576
55.20279257175851
54.33974584372173
53.72754798264102
52.6530639498701
53.153227703943344
52.45561606231719
53.40294581627355
53.63189764827972
54.73408681627935
55.1839342293006
54.73497170532909
54.80061347704209
53.51804121917329
53.435003697868524
53.26025614270609
54.78649959786445
54.71664552760386
54.86314366354507
53.977543135299925
54.288670004608186
54.783942099032785
54.961854191873286
54.725036848590136
53.93378171449634
55.230023330537634
56.12573487794744
55.37522774367496
54.419176313298784
54.342043327197246
53.3115963098423
54.056981285989664
53.01030239768013
54.349748032158836
53.902133044725716
54.893292545847245
53.156155993651794
53.35396713497704
52.992631682868684
53.13606919902604
52.78306295406627
51.0863393172901
51.24668099345157
51.34353565485336
52.8398901621041
50.99067240823579
51.09626937673728
52.060670491437506
52.596309125594004
52.390147745648235
53.312973640044774
52.012044706142525
53.09849908236231
51.72199922309924
52.75251668770297
52.387981374799566
52.877072218266996
52.24103933849053
51.75861833979811
50.72474226121002
50.16376402301459
51.174150496830734
50.90969808169596
50.673408459546046
50.1855989170244
51.518083010162854
51.40892977771182
49.94146405037209
49.604850906143405
49.249185503705
47.96207024469929
49.455967400033515
49.27873733163676
49.651937318862835
50.13096437470882
49.9440068826546
50.83613195924465
51.54479033586616
53.2118871751387
54.37029987939293
55.82032173919341
55.61555863948043
54.98339968609605
55.524597117320226
56.54562050662546
56.3700752318421
55.69342252911274
56.58622973534663
56.388073345801914
54.042208617374534
55.88448809545192
55.49448095969694
54.85292287960952
55.2972483333992
53.71463376872691
53.20463001241676
52.3514910279117
51.63986135010215
50.18458056441242
49.88432774584921
49.51602148391266
50.708139012707434
52.099427745636305
52.09803489094139
51.54055847899193
51.7565838394662
53.062395781883005
53.363572953711085
53.37576924761637
55.389295144000506
55.0486418468324
54.8324182272748
54.741746692320135
54.07244019684962
55.43615370848444
55.44433618520831
56.483559520157236
56.90261507703451
58.30237345396357
58.43040095933172
58.05465497458725
57.354793745710104
56.797472699918806
56.138970506445276
55.795631886693094
54.90581203607617
54.63533568672024
53.870146157065264
54.63373756497666
55.161288605629785
55.03903727383056
54.145932345641064
53.02807313803005
54.3810876515
54.577916369053696
55.46353590325865
55.08337398769646
55.66581857442842
55.17997123512578
56.07776966276252
55.911495870050906
55.52746446304095
55.62953160363999
55.633453356234085
56.21772131990453
56.176342367684626
55.64065003303337
56.649105308866844
56.60881383235235
56.283290762917204
56.29151334716348
57.45733396221665
59.44922827931475
58.551723452222554
57.760501283349335
57.88300994770585
57.220285355760055
56.20718327365241
55.80111850924428
54.4803650110119
54.03972761782577
54.43780676254694
53.9674592329748
54.130563142338396
53.99935038651559
55.002570547292706
55.39693443198742
55.667103003574695
55.625497577414095
56.18432707711747
56.26852421022524
56.04695028290227
55.30345956042349
54.5219022910415
55.022904396284574
54.19230646876065
54.86633200787948
55.60780472899006
56.39372984300958
57.63767565445742
58.59832153559474
58.79671559751728
58.77525008434999
59.34451471016414
58.09896890050563
57.87968372899216
57.99221687211521
57.69883590374819
58.64590747894058
58.19863231977914
57.62583079073628
58.078311797637596
59.40625696058506
60.042023622937776
59.45358671473762
60.321157849119245
60.04594463120024
59.285020161776195
58.49566194387724
57.603533026345836
57.06803013716908
56.378614051004014
56.52063017289485
56.77585516232303
58.21736442014806
58.74697222189495
59.16863738975858
59.11191990414984
56.687422441527076
57.31175259638966
57.75774853792039
56.924775981983956
55.2450398218445
55.209170733971064
55.31917406812124
54.76265355141957
55.15346581576269
55.660951476677916
55.72980660684051
56.05216113155886
56.79663466195825
58.02485059107204
59.38709681214412
59.548404313788936
59.84852913753359
58.71830882285934
57.92386877371901
57.54175510331622
59.1983228234898
58.75636837250026
59.226350390171696
60.376575468746566
61.27495440350167
61.63395061348589
61.693975601425564
61.75339684475439
61.577775808938306
61.23315978167606
61.60312530013842
61.07932707941241
60.995418434682584
60.05251012908
58.968480148904476
58.61081727802407
57.60938358370312
57.619743845014554
58.040058510415825
57.435938474160764
57.83674265665083
57.43225328089318
55.95608270163367
56.53348893499657
56.93902705182734
56.687204017725605
56.564074485137006
57.26947354473246
57.47156129005377
58.23245972327343
57.21994090286355
57.48591060424958
57.35209792149074
57.85166556714877
57.843798589578284
56.782209777451214
56.02745254888659
55.79577831750794
55.820917056124436
56.254598012105035
55.64660545917118
56.38476805677
57.566393667425515
56.80610935432507
55.99634877727085
56.75558064502707
55.61620374998595
55.31854123888638
54.791466870208446
53.587473186495984
54.319522267472905
54.73127301394887
54.89785259576037
54.949228882697625
54.72384974592094
54.7868819633519
55.820419810668135
56.64693278377659
55.93692505077613
55.666910804188305
55.20713121690962
55.36725910074925
54.78676038056177
54.22163629386669
54.44626537256009
53.7774942784158
55.00055182166534
54.841055847426915
55.198628909470315
55.840277608236235
57.0444671574618
57.42556319287144
57.59610746880204
57.55504537021771
57.35093819581292
58.15558788916341
58.43954238905839
58.05315506731326
57.540530222582234
57.885019107543044
58.57950712668528
58.44549930977389
58.588901190503805
58.69967196742881
57.85080697557015
57.402087166247256
57.352918985133144
57.07579500406464
57.071247373038226
57.957798771159084
58.067155309796796
56.840152160164905
57.04766964335156
57.26539238661324
57.68428119553109
58.34857051057789
59.00034686248206
58.80434529962994
59.99310984555674
59.79873675711487
58.6473479159601
57.540123570295876
57.097218295675155
56.58527407625901
57.361708744686226
57.31569805404963
57.04113420048153
57.14130609348761
57.36913245217737
56.56731765978005
55.3381992602897
55.802512275149354
55.80446730185317
55.429491858912186
55.356901246998504
54.13261759076424
52.374359989318066
53.66303160748348
52.94442478318234
52.988301169754514
54.17596585006064
54.71014671055595
56.100637748464386
57.108446269742046
57.65314688920823
58.31076057061877
58.62102973738276
58.354610518812784
58.21410147200727
58.74180076683723
59.282486362313
58.93627984135683
58.24722583963296
58.15206945681301
57.31947070893109
56.85011628936411
57.0319159735876
55.53027646235064
55.077937565911
54.3229542941361
53.21569111837753
52.97698015799906
51.56501001411782
51.15757297752322
50.30084908233362
49.834420017151956
49.188876599473005
49.16319897926404
48.11813712568656
47.262469766167634
46.86457959885392
46.84947902783081
47.40570557007278
47.065775356382595
47.243468760482344
48.44478274220437
49.46398586897421
49.39726751557599
50.2233983328929
50.76776950707587
50.94110698223737
51.16273381368432
51.61640643963297
52.0792335890532
52.309940363457905
52.454343891480015
52.774522132429105
52.854373769926966
53.004658071748075
52.814738298310544
52.707209116495754
53.4989937193998
52.66201811781981
53.07743213039487
54.07529842760255
53.40126989534325
53.25665481510491
55.09630531776418
54.77033638396173
54.8471912691277
54.57886157639497
54.67653347480109
54.57918823112692
53.871151629757094
53.87875515776936
53.747892800493354
53.25685874528815
53.43371647960372
53.733606889986014
53.73647688576642
53.926397010160144
53.77035558040511
53.66510676381745
53.49308563146673
52.460809284782286
51.83965654038366
51.62513893283565
49.68893823912824
49.23476299620661
48.58164741948539
48.46720190107383
47.58619407175397
46.647156898525665
45.49957098524785
44.47663788203865
44.84267558269535
45.73854022038056
44.64982544608684
45.29318780870402
46.11062535940189
45.062035028574364
45.11569747768935
44.58089514613945
45.228451241253154
46.33207336841495
46.858629832146256
47.34752601443445
47.462754611015
47.95726221446755
48.91998586349756
50.12355498791774
50.72841163371679
52.14917089844671
52.808861191776955
54.062836676266386
53.78814570861391
53.12338009794947
54.27763622037975
53.26313068041429
52.63911600492238
54.19829934222754
53.74578338187068
54.80565307449732
53.76949393234984
53.408978989309574
53.0564243874217
53.83677736033566
54.31047457967405
54.22852998255938
53.557365562602534
53.52509627395409
54.13391317266023
53.18541924234573
53.69453893264225
53.648889803858424
54.69176755453033
55.26037525477737
55.65834061428866
56.43221657390761
57.15163958949422
57.32859462966461
57.47783013029787
56.962892971218785
56.586737257107245
55.74965237426667
56.036268368735215
55.60888177765575
56.34837052207007
56.549689213355364
56.784385901989495
56.115987785561344
54.09416634072788
54.572536325167746
54.668891249933814
54.2272383736565
52.989721648585125
52.80981453805602
51.43375994242795
50.9557597710191
50.76569422172571
49.450247143836165
49.54597768482683
50.28468073259164
50.786582851699045
51.3147181310995
50.74895072855566
49.224345504327545
48.79843514492479
49.679742836707646
50.19899565398392
50.666203584141385
52.10061900236102
52.76030837999609
52.6765776095304
53.49765446416777
54.316843640901105
54.479020685473095
55.39433661058954
55.19575063857502
54.55100567282494
54.694862284223476
54.48989350225181
53.99186079096883
54.11177567103512
54.47200792496115
56.239940543626076
57.55390814605698
57.71136465932983
57.80962513176955
57.953145399952305
58.170134286306926
59.10298422600429
57.767169755831766
58.37431966917359
57.61950710172904
57.46031333220056
57.00795523719815
57.08353124095849
57.52759888711121
57.926181147849285
59.006914153737895
59.1149221302559
59.96887935687728
60.90306860186532
61.423674313816754
60.75290498803595
60.59275600854524
60.185305713974344
59.79805989232534
60.12774099196533
59.6559029762053
59.82515638059031
60.18003789760458
58.54549434025297
57.885106260060084
56.993570125304906
56.57014308364281
56.83632492948648
57.13846144172385
57.55610259557568
56.921432758406105
57.190927308233086
56.4965227984941
55.17200730400642
54.39219972314563
54.71469646874955
55.14462946491756
54.93020870389985
54.548846370556134
53.923468768026055
54.17732418215046
53.518768856153144
54.24228293493447
55.50510469147694
55.94522674259976
57.09030015926013
58.65038298580121
58.986699495586244
58.9406263225099
58.784025922684194
59.0754598808918
59.2415022925818
59.27714631770741
59.66404920873597
60.22633355230829
59.88734057046344
59.21263501180779
59.82925811927438
59.43624565680828
58.76087305223947
58.924129818611696
59.16786841496586
59.20814982403378
58.30572305084119
59.04873675969695
58.56983537828088
57.43863739816705
57.547478974264166
57.5562982823829
57.04755066344266
56.780355853086576
56.52157373927447
56.766192445790296
56.92823765739945
56.09649524146339
56.755025093214286
56.270208449402006
55.80694734780341
56.03983160611409
56.21350402597976
55.33707724496488
55.25237262706171
54.79313065796994
54.9307316686528
54.442017574078776
54.11003713642261
54.18504409962087
54.26022532077353
53.433913622082784
53.186611638278954
53.0419160280111
53.97816105708081
53.414064118462115
53.84275943404574
54.5710631751596
53.33699327002262
53.327397879993065
53.2849389136699
53.20792053786498
53.3810783494312
54.08104684930762
53.211673950513976
52.99969586910089
51.963383943255415
51.63760877301286
53.44226696344235
53.96644830181816
53.41345146977257
54.54609124218971
54.12351767518402
53.9432939902927
52.572108616004414
52.26758809052836
51.582490105516435
51.187533840885756
51.689900919501135
52.29792219338607
52.051865454763586
51.76240444196304
51.56761813976328
51.04667891110269
51.069507253712814
51.094874558890915
52.30292049632332
52.44867395875551
50.74494016642126
50.14746325686629
49.95805956386734
49.384471660670535
50.775075421799485
51.115713989325876
49.990349246704696
50.91098409128647
51.03314128316407
51.97569350772526
52.30190955974895
52.23130798247503
53.642863152664845
54.30768143462213
54.468925203656184
53.71649143429969
52.834258131692295
53.08661866104194
53.47679747980557
53.277197150106204
53.1216649186966
53.09228254949731
52.54274866883893
52.13090923800986
51.48412569198346
51.0295937111218
52.9126107053385
52.879483004082644
53.22766991295582
52.429510446376014
51.466297857817075
50.8272900078298
49.707335716315214
49.54830546265008
49.57974417161993
50.3678850043205
50.96096868313149
51.21688503677765
51.23984726681989
51.78409717315792
52.91709620049026
53.56569332389373
53.89981339610515
54.30696229352149
54.249749070626066
54.928112575909985
55.65124120190147
55.643966295477355
56.248018830385035
56.26283190837752
56.4372777556071
56.986432848848764
57.85998388983887
57.433075246265716
58.32557616314199
58.976620689990966
60.387390680436546
60.77251489537419
61.15217960060388
61.242934866642074
60.59179823475754
60.86327783536491
61.93835212730661
62.316023778039394
62.518479108223616
62.70948485264239
62.116730421773866
60.96273549753475
59.68624104956117
58.87604780770854
58.62521408034117
58.46844385886842
57.40463644660446
57.45831766265165
56.06440455646957
54.91430727960445
55.65371538133521
54.325859942788554
53.96971490644613
53.64692940643802
52.93001468546389
50.77299846800837
49.40852555548372
49.60532368852362
48.86190390647532
47.92160613163084
47.34462832814814
48.23204688402099
48.14488555356885
48.74432337030955
49.31205259634292
49.69076533108309
50.11219362100023
50.609310709719395
51.69427856867959
52.01327947945913
50.86513376674672
51.51473831773352
51.167569524486495
51.337524645327576
51.83158907424229
53.16257381805518
53.13200736526868
53.05133222533226
53.837410697445215
54.495569343217525
54.77881420569149
55.41654314030272
56.68158926309062
56.55210576804126
57.27202068978336
57.77193531358851
57.585264631923636
57.66056569813289
56.92973051172063
57.50584326057161
56.949044713234606
55.58582689157718
55.676112189505375
56.11529991543564
56.00760926454616
56.83099878612272
58.60111551884535
58.596255732172835
57.51710780892743
57.07241935239405
57.27716879765897
55.881469631259606
54.82774824850219
54.76425607526437
53.49558456931368
51.92582668854955
52.112868718642446
51.584524275952404
51.61585393949092
51.3033715837279
52.251962757165266
53.979173500262846
55.006540271434766
54.89453915757764
55.130811104805616
53.84222812671212
52.55530175580792
52.85338495648589
54.137679935166624
54.51144276444313
53.87236329593155
55.261047250051924
55.918577367116406
56.09650938521779
57.26212039642028
57.974196301530945
57.178059531330064
56.70423281795322
55.95455112539114
55.45956216736854
54.62277964205183
53.95524690335914
53.89030611958358
53.615134710953406
53.91867739365686
55.23515105985548
55.88201155821357
53.6863519803599
53.670304169996804
53.264859026673
52.061224146704525
51.178264669693
51.09743412919657
50.447205688146724
48.8174543737657
48.21950265348681
48.15585367068743
48.11285981756451
48.6332752002876
49.187771675246736
48.58172987271847
49.0759374690541
47.498764786695986
47.767256450259815
47.07925357907935
46.07270508363473
44.55050954780723
45.345162364507885
44.95066111575874
45.460070474093996
47.21293337203746
47.55242513078464
47.19549279529563
47.606222528604256
48.372211500250756
48.72627580386116
49.31356923551694
49.691027492386375
50.30169308589113
50.36718795226479
51.714392020324325
50.37380186973994
50.664571153033556
50.06260077098561
49.822978036672616
49.73804577476214
50.103154405660575
50.24200329837626
50.18998901545204
49.731801292132076
48.8744978476962
48.662886773498606
48.22481913974444
48.52688142006215
48.751435927935916
49.23452097300409
49.19967844507969
49.588843692808
48.91243776222596
49.2984956569227
49.46052013110812
50.14874946316
51.0055156773878
50.9445542271133
52.07752139401687
53.27283491968168
54.13017940139091
54.93688271965764
55.712713140805285
56.08725756585333
56.863483199198775
57.59144293472491
59.1691994296261
59.06581904989732
59.460723827400045
59.522292275904775
60.23823347525369
60.75762354264219
61.390046482181745
61.30102263939384
61.08927790823272
61.94058408689847
61.81132667757163
62.40693716277608
62.553678441825525
61.847463393704935
61.92411256322434
61.93874073792265
61.92682115993832
61.89571187442429
61.31603076215855
59.777019510953686
57.90593972833061
57.542165851006395
56.56631737521379
55.48309324959073
53.82813826505566
51.61576946950727
52.24349331265294
52.533540867344115
51.668265129803146
50.34384024641814
50.236960544251474
49.79850800555975
49.534527707561224
50.134788244383735
50.048964528987554
49.0097271649157
48.70431307554022
47.9396805185504
48.92120862177006
50.18397027757492
51.00472494616746
51.447442419157994
50.36289040265878
50.799984899542245
50.73255557009914
53.200135937459606
52.83138807834625
52.31889796195942
52.78477878301341
54.35601832870934
54.40433833391237
54.35221051518123
54.09698552418173
53.20217285529016
53.08476167135582
53.73953479287089
53.87962119264686
54.60236792719608
53.97915503987034
53.51434293359883
53.900325755201
53.36944560220324
54.58437494648439
54.79002762467816
56.20084364826655
55.81838833284856
55.7429582089991
55.88465118993706
55.7593848133517
55.49411852426613
55.641894162422865
56.224998215330196
56.79988105061909
56.76371941841345
56.01974584667297
55.812510667867585
55.458419658553126
55.35029759269629
55.83354668523439
56.01698836636162
56.40238635181564
55.43427031297681
55.899614697174286
56.064289435607314
56.43533186575645
55.17367138538225
55.33099348849697
55.50276061539066
56.14551579254841
55.11054453267254
55.57392363942979
55.24686853323908
55.13283136433292
54.993573026487354
55.32263250969834
55.45627882854429
55.28305005391992
55.03071008763642
54.59310542210367
54.07516243157973
53.68187728382541
54.66216808766269
53.84510328094294
52.91549404920859
51.93121635777506
51.98993846316919
50.88776738286151
50.75295811317018
50.77453876457748
50.550729138727505
49.90513553125838
49.74742567193123
48.8822541047016
48.90935611473356
48.64451981906631
48.193967758156575
47.86336135998928
48.13401936660657
47.76112665066368
47.901190321624604
47.46856296920866
48.00742446304394
49.544384447892455
50.4726336709221
51.91634936653033
53.53571733022909
53.159003978922236
53.66517343665269
53.423362221953525
53.932019889321694
54.19802616702632
53.9892828419564
54.3925311559297
55.17696738021691
56.304442045795305
57.08333463179996
57.9244439980135
57.96073263198555
56.59716935432366
56.45750591937563
56.4204668162925
56.261331445939916
55.59838870620207
54.77233065536908
