30.144282271305496
31.501533383127374
31.52460705270377
31.43119680941738
31.652744531782155
30.8681781030272
31.15476164815787
30.946465979714077
30.848858623592278
30.22832697679259
30.12634022835402
29.914451909795556
29.839703945224645
29.377930282926922
29.70318075372143
29.296892803169285
28.93411670977698
28.658140832260862
28.556096067434808
28.511809743379693
28.429773504688825
28.415658035252978
28.298308432253172
28.280824370252134
28.182574960585548
28.135557924749413
27.870537361615526
27.789357146019007
27.56701886133093
27.587738579611738
27.831296723652294
27.84561183485875
27.750615642451187
28.18950428523658
27.821414050989183
28.216619653169822
28.900046818008168
29.298906843330588
29.586657523602298
29.677128889423777
29.837284980885737
29.78943072140938
29.72309178447569
29.508267394425218
29.4015851586392
29.523594372568493
29.54302234314971
29.531380451513378
29.63973474174265
30.038483708226956
29.55554858765651
29.32875115908056
29.219831929462924
28.73409588250368
28.48769925829773
28.81877873672604
28.404944501788453
27.85105254796403
27.338754751259284
27.001653687950768
26.752067870912782
26.464655098845917
26.424016198264002
26.603472513282252
26.403023371554042
26.483243389888806
26.54494023568584
26.635795531832912
26.660781894166803
26.359398540507602
26.406600452204298
26.558815479535053
26.595065281073516
26.91745285122469
26.860110029538
26.10586821628894
26.36089536081651
26.66861695275901
26.79012970322904
27.22338952983919
27.237325288055956
27.48949069008487
27.536440899018668
27.4854051099625
27.815377986050873
27.86756079875004
27.971941724037997
27.78616791077828
27.780803519178562
27.780066473714008
27.758104528430135
27.797975878532167
27.927950752580365
27.801422152004857
28.15811595538765
28.451202108625107
29.31662417018681
29.36348253098229
29.435749490269423
29.210450476749816
29.045410073748663
28.56415027033529
28.44547617575264
28.19929001065838
28.100510067190005
28.046854888840507
27.78955976286815
27.92966436501041
27.820122604402933
27.736371967216666
27.741470720758407
27.895535460488492
27.90851557024694
27.92747863305226
28.094765522433313
28.247528189930005
26.934015040535648
26.92479436917082
26.994242029643555
26.985241615341533
27.009469936370984
27.151824933082025
27.056741956902943
27.120093135972432
26.98814528362147
26.802291465002565
26.85943811561313
26.750223310447826
26.846807576567766
26.866441832284444
27.09342621668619
26.95182913820466
26.850084305735976
26.93951257408666
26.50726988338182
26.106459900570353
25.6710611756615
25.283115968891742
24.98760970566015
24.762629947447646
24.666630663702218
24.605505523305972
24.689240015649077
24.848409621876108
24.699422652069437
24.605320422232886
24.544680772377568
24.5487847103175
24.39415626896979
24.39234534602179
24.12064891652672
23.890377678113673
23.834117309431072
23.785627066649898
24.260411619081538
24.395471180659424
24.836023814213327
25.266754529104695
25.537763757116977
25.7991787974303
26.046578070306726
26.096924838791217
26.302577258957502
26.297897314257767
26.65943851430088
26.867827872156454
27.474010435917688
27.697516472483226
27.813848235626097
27.77354495789468
27.83394274253382
27.99175497231274
27.961754647492114
27.810433332409843
27.523301575808667
27.288868264045266
27.34284791895052
27.143469399712565
27.092361374736424
26.97568964213416
26.971569200361223
27.19511454193392
27.28970223837439
27.373298197233858
27.360744117311754
27.760060430839605
27.02020316782295
27.596522221231123
27.73690932519848
27.657993468044303
27.594620854662146
27.619693963663757
27.822275128433255
27.9130363624722
27.943162180395387
28.085373354259
27.940588752557016
27.982396268470133
27.89819882904007
27.735048565245712
27.801400911385876
27.89502656018654
27.77482734165365
27.725950569369466
27.698359057347933
27.39433669051445
27.668125363077838
27.039992955166998
27.242079365745713
27.642296066022077
27.91370038079712
27.928052863532844
27.779638383410703
27.78157104705832
27.76798103889869
27.99321760144997
28.202721475231034
28.29250324717762
28.33651280945686
28.65051382048791
28.604348558782863
28.510244742780806
28.464991287326473
28.346071460797454
28.195232152261713
27.96097690649811
27.27970511180056
26.165487875466976
24.648685475897317
23.375782646094954
22.81205482883741
22.466729823700053
21.891371589369143
21.424881211225344
21.058019242206232
20.620076001792782
20.339532863144925
19.85450909855033
19.59504876368078
19.41195255704655
19.217729820266694
19.152677904591933
19.293392215657164
19.41762638235975
19.486891531473667
19.625644756783906
20.350416705961912
21.373879621949392
22.711440872855828
23.982591487696205
24.70295509521245
25.356604975383682
26.127977753492594
26.842163054562228
27.231249488251326
27.578315690814918
27.88548569720998
28.395712967648983
28.811599005438904
29.309858124322517
29.429474775354542
29.611817264042116
29.38078407758784
29.29833642294591
29.13717053630155
29.044233222036485
28.921673957234425
28.804095352766165
28.433787744419032
27.94681900548275
27.460549341100783
27.0524060860256
26.686851133802083
26.730776803622536
26.98194779451952
26.6694937535392
26.352150353798997
26.224120143385115
25.849067917116553
25.36360549548132
25.51911350546396
25.277970317681053
25.30817800129576
25.477463393745232
25.755914125801688
25.654214724451244
25.50599522963963
25.66185450491661
25.860496667692424
25.938785114107937
26.307581868894495
26.581374804618367
26.855031806329926
26.71637707903772
26.6020059917502
27.095648354376067
27.528579545241264
27.642668379718238
27.983425047227854
28.04092106683928
28.03419245091605
28.22136902911904
28.328617634657274
28.239963875127682
28.18909439341791
28.54627851613707
28.72211282360795
28.7597402270218
28.832040630598847
29.209068538082107
29.09987219097963
28.948405282995168
29.109763910333186
29.052431952769943
28.952574539468934
28.79839927929994
28.717498967521482
28.843425868084417
28.77669074717026
28.81046695906478
28.720316486276023
28.46313358969946
28.2811232723768
28.23052258482854
27.846257015462015
27.515778925678042
27.458307930176108
27.14869903799859
26.71116535420374
26.22584310748288
25.797801229770062
25.25519458897699
24.628899967214327
24.071017863445096
23.601244629946443
23.265765725541655
22.98215744531656
22.66548314199228
22.56314260186791
22.53225150083371
22.250327633684368
22.10313897293756
21.78461404211798
21.43697695378955
21.299460075141354
21.04684309907494
20.751282523867978
20.799918093130195
21.329035177037337
21.34538624443297
21.953868576687633
22.16192145634766
22.317526908699644
22.58349352180132
22.829298309042592
22.664987963666757
22.35646589328507
21.83964601452
21.352041241084795
20.900424239712045
20.83659711016877
20.80100856719577
20.85932684465842
20.825465825174803
20.95178055927267
21.080422944426296
21.159458430643905
21.09251471165846
20.976524977859203
21.868492351759432
21.672251469988716
21.84864347031306
21.91430900220266
21.630951482340272
21.06096038257491
20.54268970759691
19.92150376408444
19.63189400006466
19.583191791917546
19.577652478800566
19.7318771098601
19.785381193036613
19.859494556889267
19.79747687795672
19.9169369120855
19.93254779642634
20.24261628890444
20.173511527664424
20.346470688457977
19.916985885319555
19.90532097855656
20.36983351993212
20.748544325739697
21.599628872821363
22.82968045065591
24.014482529465944
25.332994506638382
26.28160015169061
27.830636035503744
28.11430509563189
28.07762613380425
27.615850795577636
27.0692166222935
26.83996617077915
26.32079744413786
26.193379422259028
25.92479295425924
26.16990146874346
25.823196467160948
25.586716996594664
25.758925284789022
25.501176839016043
25.651510309402312
25.569805640808504
25.056387270040098
24.780207377267352
24.61722337922944
24.49618771848416
23.86739631957919
24.010755278507038
24.22429472621185
24.92242460248756
25.522462941876764
26.314916550089357
26.94472042949672
27.251320309915947
27.723061397951493
28.32948749546667
28.56238158783871
28.636725072140536
28.59075805169649
28.571405982990218
28.471772121124655
28.407091551124864
28.45931441618972
28.568491405084217
28.465178412243933
28.891610299939703
29.022744406493796
29.561588500237917
29.95839235074219
30.330120465345534
31.030519951051804
31.193501644532574
31.03081418631739
30.92171355248369
31.60313579926527
31.01403413020916
30.762186542498643
30.97580949265348
30.72745749657771
30.76536241754264
30.5196421810534
30.263173674543786
30.159101640352645
30.03913196685041
30.105938825980825
29.834996988604768
29.409778988871437
28.919048063558513
28.709073420427057
28.43339012496703
28.125336418680966
28.13037341485013
28.57228923184046
29.316194969333754
28.549665247820997
28.60114692249215
28.71375508420353
28.499637066672808
28.359018897591426
28.243016520948725
28.141230724889663
28.145544161511726
28.12419562247148
28.489108417152558
28.469028207807362
28.546781935917295
28.6542836922234
28.68030661631828
28.4773123315423
28.608138370830638
28.371047256134727
27.956472947680794
27.707536980011902
27.119998872749022
27.38710459609236
28.090563571572442
28.76866063867073
29.49809556256802
30.002319629897187
30.379237813587018
30.74848399913995
30.94401494092552
31.22116775841634
31.408750391424796
31.9936461717242
32.411125285060166
32.40162259735
32.82935791949949
33.43816144894003
33.49778343559173
34.35713889197219
34.299168648102686
34.26383847348098
34.03942298720063
33.7345392862686
33.394034805805134
32.91681285088855
32.6811685164597
33.32331107376401
33.54921446929027
34.69946952279405
34.80054117315
34.966527558929755
34.88847477966934
34.535612772049426
34.937510241945894
34.80067128097411
35.09672738506443
35.26123974852517
35.687124025768036
35.49565822200052
36.65284518469075
37.48415823495642
39.33821157151305
39.723238111668195
40.49265536668966
40.954428117495056
40.76975178112257
40.66923994032112
40.38208467527311
39.10285118425335
38.787652900716445
39.22323406608774
39.40902927987938
39.78930684979073
38.96751787442587
39.14616081053849
38.94266215102702
38.80725924968238
38.740709676220966
39.33953044432514
38.45311951276414
37.74224738996318
36.356764872276806
35.6781798139688
34.78761447537923
34.39786643628331
34.458558865022276
33.99523205846465
34.10106099915127
34.192023740239165
34.63618647711558
34.000322500655955
33.52378185869105
32.9946903667018
33.606117595464596
33.982632321159336
34.224254626526594
33.859758920924044
33.04282907326778
32.41659588688782
32.36714584038521
32.3288578113155
32.414647577094414
32.52534811849357
32.4768252442375
32.14260936684482
31.793624738620064
31.48115560602032
31.370543576703597
31.28362757283072
30.977951932655742
30.987763957108086
30.96891806114316
31.694417137644404
31.4889014422402
31.04214841272874
31.481287209511585
32.250334166585375
32.753877578432494
32.894661465196364
33.16614358548365
33.88477279918842
33.712190129846974
33.89445846125
33.911752369690035
34.43588022230418
34.68725246026551
34.90593207143539
34.82495916702351
34.74870740666883
35.048108970100756
35.43899302396291
35.557415521985426
35.066952203014544
34.7739053631866
35.476390863316205
34.665509400231386
34.57476318224899
34.770303087534124
34.231000190501064
34.17323074384953
33.73585935463746
33.92704125676131
34.33986507049274
34.499391704700166
34.24242995750721
34.3866945857033
34.76643585908655
34.84404515325771
35.0792681167579
35.61129793741691
35.7059613732891
35.672198002543695
35.719871415299394
36.655596355408484
36.06589720623343
35.74032526684429
35.07089982140195
34.826238916466906
34.82016613598992
34.733655732717814
34.7999374718508
34.47794472119692
33.90240704380015
33.65924725504564
33.91448498801562
33.63507637549298
33.908048553393726
33.69705706157557
33.42255384512347
32.735362296551735
32.19242283662171
32.11320643007194
31.857190092001183
30.73193429746259
30.647598711756167
31.305190723951636
31.717859475194764
31.996896597818637
32.298019366069255
32.49789401841481
32.45839389362421
33.000032799099664
33.467885569031054
33.82894396540145
33.721141656073954
33.81049333393157
33.36072044232412
33.528349701182236
33.595914005034636
33.68547756016133
34.48694839064507
35.33784880029101
35.97418001065553
36.97697087313792
38.269193494930526
38.13067641145434
38.45000677377372
39.52036670080375
40.19390009683552
41.25829090266837
41.778126610849455
42.137400052238455
42.84147809930809
43.57143647629154
44.38337140275597
45.60739747166632
46.41110582972478
48.09220460059275
48.88657461607748
50.13946297459908
49.718593107434074
50.17780161329121
51.484583843481495
51.852770079751
51.68560626044509
52.80676551571266
53.15553802466489
52.38888902434586
52.04134446943241
51.520189508173374
51.60625580195513
51.53672274831926
51.234118251441586
50.889545815531676
50.677386018017636
49.90014044445175
49.60813428415095
48.284146895852516
48.49960509439973
47.85124382226381
48.46826871690031
47.692492994596
46.827227053778984
46.858920219932536
46.8261072456673
46.25741473008333
45.54549537382839
45.351015428305125
45.43728735813436
44.56380004589177
45.43609055003894
45.09996641630404
45.47144156652037
44.48271726661827
45.70468552502403
46.19194936644022
46.347475151494386
47.429008850262456
47.62299721330461
47.761894629953616
47.368290643733715
47.83463442446366
48.1323659835001
47.111658820912005
47.85694544236722
48.36208980165831
49.53199471029204
50.569178146087054
50.9547322579944
52.095248092365445
51.91426879099394
52.067915145018574
51.789000810677905
52.69708751814369
51.637294143501904
51.44590275978702
51.50389776308754
50.72819377648245
50.28789308086736
50.39926683530234
50.83295259107613
50.52942671883467
51.444006841672035
52.09537505189486
51.02722273585438
50.5461591868072
49.88001686145175
49.03263931549903
48.45094414178013
48.114537766864835
47.22077127695657
47.33542884532635
46.943077677513365
47.139636748058365
47.26432652295163
47.71207738928353
47.65261766586295
47.86077517668601
47.90162706109676
47.9724969808815
47.741665631405525
47.95900834400917
46.097091293423134
46.74946394682904
47.22505061243367
46.87947418374136
46.81310883997208
46.48294761249802
46.56038927907837
47.600051883434254
47.43052066656246
47.437959861842394
47.79397692309569
47.41823319165336
47.36596609464139
47.40060507147088
47.383888129264484
47.20864437816686
47.14625664668675
46.76916030024615
46.511987601662426
46.54854837413576
47.10381713084756
46.32798683548692
46.24150269123622
46.48488619976007
46.62962146883608
47.31585589548598
47.23112890704873
46.06797623701645
46.08893513975578
46.043985010825864
46.163063723221555
46.3523193395
46.62890351773371
46.729616356357184
45.89144354433381
46.30191678581444
46.73879345145614
47.38229280214095
48.23933433023045
48.32257671910156
48.346712055240985
48.32909814477959
48.05680714024528
47.822949818622725
46.942631121919895
47.20364859097572
47.745060555743756
47.60743280021505
48.03699423553319
47.99757387238254
47.93509365899305
47.83087497608482
47.77841258999655
47.575128934703756
48.174708581101726
47.58950097422488
46.94651329005081
46.09084275075357
45.02340772711684
44.60130800584226
44.93065056371467
44.308912593104836
44.5173808360493
44.26401008200543
44.7809342836788
44.23109488156854
43.822361096695516
44.32197880790174
44.646810044626974
44.517500028507314
44.66033877297151
45.31619009089349
44.575046675458495
43.97776863644342
44.16389644219184
44.082247035683864
44.447028179462684
44.70376300582006
45.38617108424827
45.83637658834343
45.63898375569505
46.42374074226991
46.09011681095258
46.46924930531698
45.45492797012374
44.26411445847315
44.949191033485015
44.807569798929954
44.161621534791834
45.01061213028707
44.823185920817544
44.50007618796826
44.502557126477
44.49119639982466
44.11543533533825
44.14606707676891
44.0191324160479
44.191394549865535
43.993545003874985
43.8887689496256
43.278996171217884
42.993831492450354
43.64765001106329
43.56363410005985
44.64622189481102
45.860318134956024
44.99957915952562
44.4532908564455
44.4285297811193
43.341223453962755
42.96167935195599
42.18435101000647
42.37321026717162
42.18173624935689
42.27764096167634
42.296371612622664
41.96063149230237
41.43580531800302
41.2012893303524
40.92345256172225
41.14116901354886
41.403201411586174
41.38191268343004
41.85244289603342
42.110167969430705
42.57119774040211
42.752445425609906
43.6315722365645
44.16939831193191
44.89843409913287
45.21880715158909
47.186563781027225
47.34781654345184
47.5064775742796
47.96599688780858
48.09081498195168
48.620095199963274
49.11146663935811
49.429261547840284
49.58099269094743
49.495179116358756
49.426692277448254
48.852779988703524
48.326302148155015
47.85591611882403
47.3685392188319
47.545251822537935
47.4865048664346
47.14263561400914
46.97699339828246
47.09941487302378
46.213293579336685
46.667453556172674
46.414750000574436
46.83223707909885
47.68777866123379
48.058618663539164
48.02258473035937
47.713359658007754
47.81695778787183
47.7109301636837
47.539800792480705
47.522413858715204
47.46368301954486
47.90504727423486
47.560701226364344
47.135520371929225
46.37046023188643
46.3219099388432
46.20798105990941
45.724729998042875
45.12033515001079
44.249658198129204
45.3362658411463
46.00933304682702
45.43708514897795
44.8694651508216
44.89253081125562
45.7959815646789
45.83200768941903
46.835006686099945
47.02323140583839
47.25313686447676
47.87674221271368
47.91953647342606
48.58650877141153
49.92116866940272
50.73771761799127
51.17590482798559
51.430583440462705
51.8273577406358
52.02394923290651
52.73251605004003
52.34761596247341
51.387369561446995
51.285899722509285
51.744973274236386
51.991907804935046
51.65068932973937
51.97255179718576
51.30582046543914
52.067968435816965
52.445575126099754
52.78227896475694
52.905478216927335
52.34449730805706
51.797842971222906
51.43817650360385
51.64968271255119
51.33836102001057
51.62878438768371
52.080601063305366
51.74865061238845
51.427414857355345
50.755971820201054
50.67391007801736
49.98356173006154
49.37617918982117
48.79047558597341
48.08075254397697
47.65557239443589
46.727060563773556
45.92825612838317
44.908123514802575
44.03900041866168
44.02647655449247
42.84493379837481
42.91818422929306
42.288845736416114
42.05875536550065
41.297402619718696
40.79467455237102
40.70834728744195
40.25205426268519
40.25274205730976
40.5674107459547
40.47373514596122
40.94860495590412
41.214333685767016
41.683322579827646
41.99438043854277
42.50687367827185
42.53047024453637
42.99486299311782
43.34376356770985
43.569148158346614
44.098357287930696
44.03853565133058
44.605970817555786
45.440439103892274
46.6700094468089
46.98329230216874
46.68589428766661
46.754834348901646
46.68031069623329
46.06770213030505
46.46490449062442
46.0909558513397
46.015378213529324
45.48065299546214
45.16130031454523
44.306482052310045
44.17090263195651
43.94557945794669
44.31777891010135
44.62334460122563
44.787145209566376
44.5300104241308
44.0712643330679
44.22483497099249
43.6426708415275
43.12578987271067
43.36203655832358
43.594235094964425
43.79991481752937
43.81733206759866
43.3094097614999
42.545059948010284
41.20920000566598
39.8975138219827
38.718250386417395
37.67560349099701
36.684405000107915
35.39770469942428
34.04123338813147
33.405745584501304
32.62980831960955
31.776973650601377
30.959165711192334
29.65402203886693
28.707331724529535
28.096482980011093
27.371870234321754
26.799131672531225
26.492533505060937
26.661545295366288
25.863083631585095
26.827837712732787
28.46829507481898
29.6242007086189
31.109158843769286
32.73075370057869
34.37096356204892
35.441144043274825
36.231636278698744
36.32381769282659
37.22557250361637
38.509818376075145
39.746363500503364
40.517240586189104
41.594600001713296
42.54275049230344
42.84542121564497
44.54451607111646
46.11383617385983
46.66092002353363
48.60114527329601
49.386391574741346
49.62440270282384
51.000476010205105
50.68750427941503
51.639879883841594
52.47526875029003
53.06735903145577
53.838882194573785
54.75254513587347
55.275047490778874
55.245637465096536
55.576391855237674
56.57195994069637
55.909330279684276
56.50162589395636
56.99927575520984
56.565315733413755
55.45774653796228
55.64502088836882
56.116515851031444
