63.072256783649976
55.04857988730163
52.12298221042382
50.615031124772
50.3749294028522
50.998881175061314
50.634019357412555
52.17127370464566
51.09570068505174
50.260616191788905
50.34993508670455
52.24654651268057
52.216019911238924
51.76047449589306
52.084076053345896
52.846498132889515
52.83913804243968
52.80768242083059
52.71975031478445
53.64330845218107
53.41022792348325
53.036009244287484
53.296313837806466
54.80959392318539
54.713138916735446
55.1872431533168
55.704485048720166
56.09217461578386
57.229009712370825
58.34787908924361
58.676048339603845
57.88221387400999
58.047278210072946
58.24646185976859
58.37942307697982
58.02267605965751
58.69228411483446
59.34364265211442
59.97224662755654
59.390504095597954
59.928606996633654
60.90735069471005
60.61431800432753
58.479146196472314
57.784892914733724
56.38614397494202
55.790279654816075
54.58159717851871
53.39263270507314
52.34593913112123
51.577315507187414
51.83212959416344
51.57861975662331
52.0718202239582
52.17914815593069
51.891177301507945
51.17336814731713
50.796975064771104
50.56630039828227
49.89609142256723
48.44943262016248
47.24185336494336
46.73324451779119
47.63887744258043
49.07100351164054
50.067942581166434
50.52471167553358
51.25681315340681
52.20151435203584
52.80020733845747
53.760745348453284
53.72146360360098
54.10875057942242
54.55554097742795
54.339221622225374
55.20449436720817
55.80272911270534
56.112379318687466
56.32133403077215
56.723822576936314
57.72786470088248
59.560632521835394
61.08672316779932
61.557618784018175
61.57993851644151
61.11390793645252
60.807926025756714
60.62196342326445
59.848354718632116
60.184031976980386
59.19480013427115
58.74108217728226
58.75749677639379
58.250766543195674
58.50594969640463
57.99645167708833
57.5403951056454
57.42203028720337
57.60289896032522
56.819558154241705
56.580024542205685
55.708696405831304
55.06928610906833
55.191130743546104
54.78679633336344
55.20710642561488
55.81353388614633
55.868515227632166
57.11082617056307
57.25444388317934
57.40264438805514
58.11447391423119
58.04322768487242
57.63558081999347
56.72198820269347
56.10741044126593
55.91447706056067
55.89155279005242
54.95991984579665
55.48453021349953
55.67746267744154
55.8074145314697
55.29144473857002
53.83319732147993
52.54767924530715
51.46305505223919
50.926752564955905
49.83544866635634
49.15246680284655
47.63064803073513
47.3397462273506
46.66033566452575
45.634813642906515
45.88831072997771
45.71579543363517
45.946521510059945
45.95133895174417
45.72404443422712
46.13986299025548
46.309262692883856
46.26998861372588
46.02735248337623
46.585058577427255
47.63120839892983
49.31155870367576
49.910350076880256
50.07509694124649
51.61526805857604
51.41692386793896
52.500223335633244
54.06185691201709
54.220587426381144
54.45067429772672
55.31235949974913
56.415080574458976
56.54511514095325
56.65184273400007
56.67381353972829
57.00409000759335
58.26651716205519
57.71915755308805
58.52114315806108
58.920496877556175
58.85409131745861
59.367229306304765
60.73097111923943
60.522584020948514
60.28987626765387
60.91008717914667
60.87037037211862
60.59247796699232
60.60310451227125
61.58401832547948
61.361482087401825
60.09113723202269
60.64420901448767
61.122787877895476
61.624637463492846
61.938461159662396
60.776814086036154
61.94762910793473
61.44242184008165
61.90209266496487
62.10685903478391
60.42467924093827
59.125586069751634
59.45548400036099
58.819999857623415
57.80980144509488
57.26073718467584
56.456797848443856
56.462404012910596
56.45737047169716
55.71819476544725
55.87583268136645
54.48453136121682
53.97054428243122
53.59806330830899
52.11297918778071
51.47118361927229
50.11129696432836
49.969686981288305
48.48587594214926
47.88244768805062
49.01771686341242
49.158026052283795
48.59028622343628
49.0420350699584
49.82020316021884
50.40815785807188
50.45938844258087
50.04170074896806
49.553303976040375
49.983872504713595
51.447580496285354
53.159828096914694
51.83732029724896
51.593583042955856
52.04217365509771
52.054267038919896
51.98485083882198
52.3347010621467
52.56243021434491
53.3606725476409
53.36440589403289
53.07091510263133
53.89225923010853
53.705898226982164
53.9155994956116
53.44997882573284
54.36683023522685
54.42303170419766
55.01065263999486
54.827549353894995
54.465004191015815
53.074657323366104
54.47418260080965
56.7353404819739
57.71290864031282
59.014139906897014
59.58297678620396
59.70429578255545
60.25195166272135
59.64154572394055
58.454171665123134
58.20946892814434
59.19626552325915
58.44999497463793
57.35960460939052
57.03290678321944
56.14430569059798
56.251906098149846
56.09859658738661
56.11963740118879
54.643239879632425
54.771173686552416
54.26631948826508
52.431385973773544
52.1930703513096
51.39901148567316
51.62511226520743
50.65368559500158
50.26199624319918
50.350835040874344
51.30328566930042
51.711849158501764
50.299515455298454
51.710118553296276
52.671665015152485
53.852644725293885
54.374888922971124
54.07184685498724
53.4276704042076
53.653790413990805
54.21562995205833
54.10718792980214
54.328055360162374
53.218253638033204
52.458124959743415
52.998054685459365
52.49157878262118
53.205626042987454
53.30761571840227
54.02343576035689
53.75634488144004
54.499234095935435
54.30558468170871
53.38799875027031
53.462678240081075
51.367248506478646
50.256803347540746
50.002389538398646
50.21875997531538
48.941921033205446
48.997980928079095
48.49547478234986
48.0999400271221
48.4504864281628
48.39055429906531
46.95167141073146
45.96514148183595
44.60774094964721
43.65329294846107
41.766297775150775
41.04249912441598
40.27177180263141
39.697008385234156
39.90227992994066
40.558215509503874
42.10708511773058
42.31824176293365
43.186745892974876
43.298615297042744
43.79831130461932
43.9773504215747
43.71770335328962
43.641622654316144
42.927107092161286
42.68122311975745
43.42170970904722
44.97216384838265
45.933528395979366
46.22652595810195
46.89915254825509
47.78189012694559
47.33418528607425
47.882483629192606
47.28986726837013
46.04223784174627
45.52191026815378
45.92093487244508
45.06722982433473
45.64837599542703
46.1697553201728
46.17298641073212
48.1456756112502
48.53586939805088
48.93924115410488
49.721307980689645
49.762556338346414
49.135693670415286
49.414852854331244
49.874691648867206
50.00478950630536
49.86713065872147
50.83954040220486
51.26505652957163
51.904107166107096
51.903744887621144
52.518229253349105
52.41917094861559
53.135957955085914
52.340126658566064
51.64000711449047
51.054891324284185
50.329520571200064
50.51971375165106
50.85326100822319
50.672705098898376
51.06788536400268
51.098988933155304
51.52610317304827
52.13658568705514
53.07678366303708
53.27936841694964
53.630229957152004
53.44188925236956
53.658750401381724
53.030072140987556
52.384595433825254
52.76716435294844
53.608808549074084
54.31097899206598
55.46231135324575
56.0423068017249
56.647866106992865
57.26660486695838
57.925458039409456
58.39212497661492
58.419989404106374
58.90808502521408
58.46650059125652
58.828478796511845
58.676993688503465
59.19468984036553
59.07735107108518
59.82062986092077
60.49165568076036
61.710481874456605
62.07200332897571
61.73304301945759
60.461424170491135
59.59209143740119
58.33098113069328
57.69831736056163
55.88236065258353
54.78360220813831
54.01894374139215
53.50495025337009
52.91067302561872
52.427994377816695
52.37946472016738
51.65525060163926
51.115716689002575
50.42758330753363
50.36164253686224
49.86288151752284
48.94725877834939
48.572128294457755
48.68883401642614
49.230341830567156
49.39877882702878
49.636247071774946
50.276373163509604
51.383676095790634
52.807813403517684
53.39232680523279
53.192675778486844
53.045596939796425
54.17767200773365
54.41094255458891
54.47693789222429
54.90552381773959
55.09421189185796
55.24318185468602
54.83665330772057
54.943214513680914
55.297669745906695
55.2507881858034
56.578087312088726
56.56557971325729
56.934322439253094
57.17005501904703
58.03737561421197
57.81826935604079
58.87146162108415
59.3994938961129
60.22299599277932
60.76168194535679
60.191133824252326
60.5709433679786
60.74881829968988
60.57471513360921
60.72361370661049
61.04311399033787
61.0049284837206
61.27375669750292
61.418509405993134
61.3687462400099
60.529209857767896
61.38684391560029
60.88921671923807
62.27390041015175
61.028525589399536
60.85932231480589
59.29741886857312
58.740409586208884
58.36725576582273
58.40334957899921
57.619166275178486
56.66436574006234
56.0279365279175
55.77768348105241
55.7915965585557
55.34666201633944
55.94747820099981
55.249362720619274
54.50870366618665
54.234692905940996
53.679234356107735
52.25491824929859
52.13207666988178
50.56408649909942
51.28069945703991
51.63668919378396
52.3175919299058
53.05533319845836
52.93886758337182
53.479143441533175
54.58725928318455
55.9039554840827
56.323780345940314
56.652173376409095
57.05530252586815
57.17847668102006
56.91140990786092
57.547542057236896
57.84530557801615
58.186496020875914
57.925394722631346
57.24450313026451
56.48364809849081
56.12527210021458
54.97473253876261
53.952292380721055
54.28335006399247
52.66111930208466
52.68353522776613
50.69021364823845
49.503376476884526
48.16519566930378
47.65077949126004
47.86376830832319
47.255653944518514
47.011023423034125
47.07500651165357
46.67285936663145
46.09903009018997
45.4726630436435
44.797883073154615
45.442774446855644
46.363296098821785
46.5090123110417
46.65755196685008
47.76957147716513
47.01186776614823
47.80621302922697
48.14129682564515
49.14508974258145
49.26869012665555
49.918386852208386
49.68984206332231
48.419423001043064
47.834123126084606
47.48444102045189
46.59598027860393
47.59466533766446
47.623867200177855
47.22463686450244
47.623663688487696
47.66204279540098
47.36020468394007
47.00559375789254
47.077329284404136
46.55558599216679
46.06989779257512
46.23040351051571
45.545722033930055
45.48300632370716
46.63115664457922
48.38327039362555
50.11393140579953
51.40711264009106
53.593273618933
54.11089711736734
53.98820162697224
52.879084542046726
54.33486939479493
56.02317928029798
57.337609778314366
58.29679206533528
59.78020666367572
62.45239574272333
64.63689663809062
65.61317810490746
66.82909032881692
67.59393190895035
70.26696040350205
71.3564207670518
72.01606005936657
71.77852484255075
71.49771954978978
71.2533218418513
71.31443100883745
72.45722293370287
72.41644760860606
72.5737639546323
72.55992383003556
72.97517030321175
73.09454776169676
72.80396473426285
72.30880274578473
70.86037872071118
71.07404863553317
69.69462523250867
69.6905212014228
68.92860920633927
67.17158258785247
67.75790951921473
66.79523189990162
66.68386023963411
67.12929211689945
68.19420745496761
67.98735912066573
67.89171214845052
69.44159784602255
70.29202599581004
68.42997726020914
66.8753009755332
66.27845523707636
65.75115202123155
65.90737140677344
67.29074257569975
64.88503314431894
66.60187076267496
65.44639234202876
64.5820865075522
63.55920937711828
63.057628165093504
63.36779545329953
63.678313067908974
63.78516687369203
62.84500376897724
61.664192887772366
61.375363294628904
61.94404981635828
60.410960539978625
60.609445969801904
60.15380444598228
59.23628763847866
59.63856118000781
61.2717340022588
60.1667337511789
61.30960887863748
59.94617433090541
60.506021597404846
62.62383524366406
64.11730564422187
63.489064370611196
64.91596562820857
63.529625111541876
63.259489430769385
64.04687096152738
66.19022551983662
67.75017545052984
66.450480465693
67.32671280288898
70.35131919220281
74.58999612680856
75.62857874486966
78.29653559198276
78.32247862208729
78.51569609310137
80.00665363251804
81.95021071532304
82.86813955629388
83.68898621735605
83.54762168937171
84.79321445857056
84.04655435487619
85.89597077429605
85.93038344781831
87.57929065172536
86.10275144793216
85.27684574094204
85.22829140782349
87.5784475994677
86.68586458844464
83.84078986347791
86.7151145213588
86.5633014724155
84.93167340670456
88.4725672176007
87.01837568474643
87.87036315462325
87.48006768793206
93.5482336374251
98.00449698872966
98.28230966077435
100.82074598112307
98.39042229881726
99.25939057049553
97.0275208870391
96.9674724911665
98.54624018642798
100.48705077415316
100.87192051461463
100.69763657581674
102.42516688302801
102.35659073685756
102.30813411571296
103.39955058067115
100.31258578816882
102.22593076075889
101.87714049921595
102.43022821280707
99.6016088584402
95.74914759263609
96.73452422337404
93.3302320874669
93.72399308054035
93.12423948491019
93.62623070148125
93.72935788733209
92.23229055298621
90.7931794271792
90.53649372341499
92.3207491700588
90.77137771398458
89.15758050522547
87.87190597659584
87.34057759136508
88.21264934128003
87.07958977213092
86.41457567397046
86.6077182386127
82.4403300014166
81.5919779299861
82.22349716846699
83.52009545129161
84.79036195961082
87.41528942743528
89.5268220775846
89.14724032826516
88.81880723009564
90.06651223160073
88.51137102185749
87.6171665712807
88.59594308976675
89.32182838881174
90.85086319387703
91.00453173153456
89.66312765917525
91.08001134850404
90.66343345532117
90.8458068191434
90.20361460544652
92.51220581375395
91.64277612087403
90.82016787320728
90.75075262792133
87.8710860928212
86.05048720359547
87.45414854097132
87.77357842136662
87.96527891007526
88.00351027781305
87.9164895410756
86.70837982571088
85.49109809811118
83.47607436743051
84.51619059750725
84.57104275466814
82.54902746465487
82.08777005447502
93.4502656094142
95.99869014027068
94.1942908544056
92.40651710733826
92.74173457512438
93.12832093286907
94.76993605339625
93.78550697977713
91.6976109158655
92.47342091795872
91.40492039494006
91.91633722150641
92.6634860148753
92.74363310711752
93.02330452028438
94.5033968485561
93.76700123709603
95.1519875795974
96.12989389806657
96.99533945868157
86.28627397692556
84.99850066321036
85.40742413792374
85.10040406614532
86.63406747588832
86.38001687655608
83.58484920819986
83.7745782481321
86.44040098999638
85.97381979886988
87.36966070271795
85.15910632547052
83.4237183653269
85.6486183000103
85.82042106888113
84.60926938428076
83.60291863790609
82.4895135939863
82.77132239124684
82.48186688693337
82.59305869437621
82.84091914207492
82.8644296289196
83.62774407718123
86.95479873857182
101.4498277408596
105.42484271301711
106.61523598100128
104.7589301321984
103.80759244304951
102.64789654009795
104.34911591822099
104.96714667771626
103.92619219456935
103.24338264262022
103.47949172296603
104.16482625007993
103.4499404707652
101.90223931971754
102.65903753862062
102.41878493935585
101.60898065778645
100.71929980912817
100.01237473511279
95.51480590551579
79.91240150637772
78.65591388088897
79.34225275972378
80.72985860605651
80.4022122737529
82.03311062992199
82.46444155938842
81.82921721740328
80.2884513993622
80.26476791803589
80.78483669915308
81.40389769895026
83.22618025445213
83.93690841869754
83.92176846300426
83.325116055233
82.85934018067132
83.71558063424115
86.30609559249417
84.56046976601613
85.02261587967202
84.2938960653778
84.39537712954528
82.77793591936306
82.70107776281326
81.40594515857336
79.95109863787344
81.15017984450836
81.78314561262127
81.79921739238259
81.97275198634516
82.10817812937866
80.47558094891508
79.91122078862742
81.38259366695549
81.18951460815845
82.13807144722014
82.08605144468233
79.63520153247642
81.82426978623855
82.33388220901927
81.29061737213968
79.6198171257191
81.0076889889825
82.39037654384444
81.84698943354867
81.3639340879914
80.38843355303955
81.65473105785381
81.62275094368576
81.09640194171479
81.87047020747632
80.75843030728488
80.97326185846896
79.58434824440569
80.42177272233732
81.67845958779262
83.3121668402424
84.28911464546766
84.89613238060554
85.9068940686262
87.57144040843613
88.1624269704309
86.17974061057689
83.86355749747223
85.84270313401326
86.71106970619974
85.49110093496134
84.94324241963666
85.60033259173548
85.53553408913204
83.6426332731008
84.90773259004695
83.90850048962069
81.74894889020965
80.30585761352033
77.70015396978782
74.10860854372667
72.29701222126194
71.0858181518376
68.68254270750624
66.6038231160111
65.26703057461006
65.81284400477126
65.94660508333268
62.93432768353082
62.359982630601735
62.490802346960194
59.995382688516656
57.464864678581684
54.17888342688023
55.11123133082508
54.67675915501768
53.556596727334366
55.01492399851869
53.413381546648544
52.407169315839596
54.955496993296336
56.056076367364014
54.74037621041091
55.4466937009561
54.23413952620882
54.46073585455239
54.01413867533314
54.51217703442505
54.17496189368575
53.668650127678745
52.30997793970911
53.63785766862539
54.81787787087622
56.293198869726226
54.979018812170224
53.760685669724936
55.8011905361797
54.83097404172781
56.176955934830985
57.5847633169156
55.90049465466384
53.43017194365657
52.234129526966946
50.913598269224565
51.50797168528446
50.48370983862136
50.3338081428068
50.154876612815066
50.66750016859646
51.63790896757841
55.1661503556881
54.2683819229451
55.1034327366832
56.134995982931514
55.91702157421353
55.71927470708779
53.51356361997017
52.093182205643714
51.19094282216267
49.022462164760455
49.67064151167865
51.84743904394746
54.61915985958459
55.90822487928366
55.96967785836188
55.49847710868223
54.35094173037322
53.29432375907836
53.62892564342426
52.70732660722604
49.30143597408279
49.310200083131335
47.871319967470065
46.84696508017929
46.33933434563343
46.43593125554612
47.99914978089141
49.18277502021715
49.78318822768357
51.39228793987858
50.13467045662483
48.86726826437467
46.94058403050775
46.239582345778125
47.31595694125518
48.49025888721356
49.65426589042419
50.117093707343614
50.34129116649761
49.04724263653784
47.81256753104277
47.19712754958353
48.00344280804787
46.887423491749516
46.521852944006184
45.703982602139575
43.473915491285815
41.96890529544572
40.40459611248379
38.89483328904605
38.84530297886564
39.886501197390245
40.07510714474238
40.21464473461539
38.45733430273856
38.754726546067445
37.70408923196505
36.67932836907897
34.971864237009115
35.70771623075659
38.1456178067731
38.81052291670192
39.82975109519255
41.435229501821105
40.89804488294513
43.26838198563924
44.8251319510018
46.48035061750865
47.8623405543479
47.19229217439037
46.039607845612366
43.3715191102866
42.97288781045262
42.98080752174714
44.12846515212668
44.6828197409378
45.48236168618688
45.10678531535549
45.640008573869956
44.926902259776426
45.17015380503401
45.40421278465329
44.38112156504012
43.85845588632142
44.05047012210824
43.12460989177788
42.25520933035461
42.223079825498694
42.179619193645024
44.38025482112458
45.149469997677464
47.681835262642785
48.027217342759265
46.740688861072854
44.406254648299516
41.69913973387005
41.805471690082705
43.01535756720531
43.44325002337645
44.42118379790126
43.720010363267065
43.76234760387373
44.5316845109262
45.403343695087926
46.53882795055897
46.48928088094043
48.89653482867389
48.50358148004973
49.67859901122422
49.24646983348627
49.96141766776609
49.50668126853387
50.65957126643127
53.421965946125326
54.389250439205725
55.577099628114944
55.34095211936413
55.32628722973715
54.849170282968814
57.486986957508876
59.319608436944044
59.081650395015025
58.699783159639495
58.64505592268895
59.484493990326925
59.02574466514369
57.814567752815094
58.81363490149429
57.28844720606711
56.781776732370815
57.39838851811966
57.72940604203118
57.22216907470347
55.10067982063556
56.4319456885951
57.867906113331706
58.634077716007276
59.494848121318526
61.458817469191935
59.76044832735865
58.968368861237764
60.45656714615997
60.29282464650066
59.5573163217782
58.73225909056781
59.21843965452143
59.14702558135447
59.75835387478196
59.77871502321625
61.26380165384145
61.76900298367938
61.909139443582355
61.5943536432542
62.155528651908355
61.7029362086801
60.44507817575563
61.10888167577715
60.737323149945816
58.299989157094785
57.530953005876746
55.873946962374454
53.78274689877232
53.78904575106628
54.12481022309463
54.22733576434281
54.2877587259935
