15.599341992813661
14.247035277365406
14.264011688972706
14.729733557652416
13.510889443256644
13.286558687665336
14.024675896267931
15.136540951866605
16.384721768340818
17.679123602935004
19.4437155798413
19.532212106405286
19.276193629048837
19.222957603394857
18.81550199846298
18.59381729175335
18.63475500956893
18.914133053580688
19.175403892528276
18.98944684464272
19.089224345033557
19.323293817854967
19.679762786511873
20.424907181478872
20.728958789795147
20.72756827175875
20.913840082364008
20.63571907098077
20.091039382661307
19.430063965766458
19.190467044610063
19.474757558231335
19.740037806784454
19.643702684201166
19.38187714412606
19.441553719236346
18.92384980801399
18.26338052676223
17.887979441986126
17.788993264666544
17.560225356790912
17.21149135264483
16.91903653695621
16.061681773702674
15.746614865843181
15.701833803169174
15.035266462455334
14.695745548762932
14.474870676023622
14.485530022137755
13.802309417519316
13.593645919064045
13.499702261182469
13.385967121315328
13.37600847439325
12.913612687436986
12.850762349537328
12.690581500200881
12.468420983357664
12.54598701277846
13.04767131419348
13.632507342842493
13.566370685092545
13.550493081542836
13.959612330749238
14.452498074765618
14.964708848278255
15.442514836168872
15.824116676820916
16.545023709834407
16.872681439409476
17.32433969966835
17.74404415326236
18.25686876108327
18.720138552676254
19.070578501064553
19.78674134042934
20.751140569045802
21.566981755260464
22.240401027470078
22.785687678370646
22.54029586827121
22.615136345388947
22.434683519977117
22.1444610493227
21.44983663219094
21.0446454617934
20.848783622922262
20.417406723484262
19.701577881289225
19.404297698490232
18.344729872909962
17.345412419626378
16.936133256853978
17.87637331638642
18.105048032507092
17.586737491402634
16.571866496102537
15.661885009819619
14.77610724981802
13.77728090005254
13.721517292037234
13.790845413250125
14.033822264700712
14.068531838946484
14.327732068538117
14.516858767997054
14.382492742303691
14.229588043367443
14.2339080258751
14.186989109028644
14.496336830756595
14.873256026119003
14.750969137736467
13.711525687112964
13.690438912043168
13.609269201933989
13.444127553957802
13.37845634282865
13.586262162343683
13.386488755517206
12.938230350710615
12.47374076523403
12.048746155267375
12.448859590320172
13.072517287057996
12.816533856847993
12.450785426743112
12.515808732862983
11.975343353133852
11.361912231267194
11.504013474217015
11.516426272813685
11.350739032427969
10.956111807052284
10.20968408511914
10.002445956835611
10.363306834318958
10.711842778153889
10.78969392445083
10.93267057886656
11.184853267623357
11.542508021606636
11.664164583462854
11.119628112406218
10.14099219251427
9.78436934899817
9.711780767743756
9.653438726432809
9.923934005443304
10.275350456579
9.915849794671756
9.795124006581283
9.679528898023307
9.664445196129213
9.885941173663586
9.976542380753061
10.198206352163666
10.259828577458958
9.745714847218874
9.342399114028959
9.336821346292622
9.221046806966582
9.372640484730344
9.471283233248398
9.813007619686918
10.173897664053879
10.392612976710693
10.536421401222878
10.914668007741716
11.299566251987782
11.532367667399683
11.46275266339282
11.494200558963067
12.005336379857598
12.426154451971295
12.749025192102643
12.641934256861894
12.494794672314153
12.677822365908014
12.971936004619195
12.735275216197591
12.627243673677015
12.453666533626548
12.383954684094594
12.472424150650253
13.104542203569057
13.278614858073368
13.223106090426702
12.872081143269451
12.524743964902738
12.557777530653302
12.518731054638197
13.065596635453153
13.064152837476144
12.861734592103042
12.907845139255036
12.88576385400223
13.098608094429741
13.236882223445596
13.177008592782192
13.464481978577012
13.586602117678657
13.74936083197303
13.774643139835215
13.869475692790758
13.89714979915588
14.388494329964768
14.60203477686159
14.4497344333659
14.023621839672838
13.448246232407048
13.310422316583049
12.958208584236832
12.669694242747692
12.91223550866008
13.278155354913205
13.823709444395641
13.89953826403484
14.642059291803127
15.475443288066282
15.950304102767792
16.312188535853203
16.705820887484332
17.46215456531877
17.801752948704106
17.91888256699508
17.97233150648235
18.594221349293814
19.451869919216943
20.41077740296406
21.42632334648352
22.483669195670682
22.99661914489797
23.543309618595465
23.942224609734634
24.473970597457004
25.29737835612737
25.838789301563423
26.4596338841622
26.785525162316066
26.535814610627416
26.337268367044505
25.95321320315087
25.358970620673183
25.375902959619413
25.354775140244193
24.8864844502069
24.166405350275987
23.6563141813933
23.48725359069079
23.2271418693413
23.203708470335272
23.65248087109484
23.465321729383582
23.31136385622624
22.79855331999979
21.410319440401192
20.884600647790357
19.84499185021625
19.093241465020395
19.086959811384137
19.042380935091956
19.30678126001362
19.75724751251664
20.318755499059055
20.772241827098178
21.19171273793563
21.420459453293738
21.798173732708047
21.936328696217792
22.079190721262723
21.995640557411587
21.39016287372169
21.522202789807615
21.28004800773042
21.446410513542695
21.93892996851471
22.84498643963027
23.48908020275659
23.410866470197227
23.45620223589345
23.775722557868484
23.83828697194406
23.883407209089142
23.585540682523465
23.282363758030424
23.857614583514785
24.548558766808032
24.58112809119535
24.328749782930252
24.412797043102742
24.548622236866898
25.153315139816733
25.285508699222767
25.132013553459014
24.74952229596673
24.472476816316117
23.286487058287
22.09165652974793
21.889212181107112
21.60079648968806
21.115440593589845
21.051307962637875
21.21588925429351
20.498393563249007
19.822150026230805
19.349542371975385
18.684033935868463
19.207103558436394
19.430871068011392
19.26766397863621
18.73609686476825
18.07457420512942
17.7817829474711
17.90421167876321
17.87940945850096
17.801490028889376
17.993356313418552
18.582307474833506
18.433503273830254
18.450375215481007
18.910917773371814
19.293089939463748
19.24635976597309
20.028281828745524
20.5472384849435
20.331632605722156
20.104549853661347
19.38995495197273
19.15572457572653
18.85371433156501
18.749958945790176
18.6558614204146
18.480320125747536
18.677007723320365
18.773939906189604
19.17246525420495
19.42136670417276
19.348639606859734
19.836641280926415
19.7763191860809
19.296711876655987
18.620514160449968
17.884167869811243
17.075582596847234
16.76053264236264
16.912900041878235
16.875550320551223
16.708624260824276
16.94788057167708
16.83709796146218
16.962025660047143
17.12317075331089
17.634394131537533
18.201647941465858
18.59366550485592
18.89015928648563
18.37753879768281
18.047960463164507
17.793642307071423
18.031657985240304
18.312912774890954
18.53074358555564
19.098127005907024
19.099188802167358
18.84576422231566
18.457832500594257
18.536118902441377
18.228258780520633
17.845642448101206
18.273395414990652
18.343295516607995
18.02039279568836
17.65963534407887
17.8684374501255
18.07109188463886
17.74454730083964
18.605023389938104
19.234886708952363
19.355985239517324
20.003829833012027
20.075702896173453
20.84819955182747
21.056034526182145
21.65073858400311
22.128996997413374
22.865985353675004
23.37908038471795
24.076922708724673
23.978759090708174
23.473730642017564
23.294872988393443
23.597328524888482
24.674378602131647
24.118676298317247
23.512070061879434
23.36675438047581
22.984628005704966
22.59557440073001
22.598371223468767
22.357170489192125
22.885733802009675
23.05381506435143
23.004708667181326
22.423593917511376
22.422345462152528
22.469626775483746
22.25275095106254
21.88519115866898
22.70435042493753
23.27929181076046
23.730905455397696
23.94420254668939
22.933048371157923
22.443758165547543
22.581941741095434
23.022411499503814
23.29413930031132
24.004002383287695
24.4177799994237
24.19549425479174
24.29931349637893
24.17559227032939
24.16664436233146
24.865489301704326
24.89619354377985
24.941009381508405
