6.88750810626859
5.382787046519526
5.13331756948907
5.146535698254161
5.025011372105171
5.952348559918696
5.788631498651148
5.980427222911484
5.683617668601152
5.8940609896812575
6.331580413435518
6.436444532716572
6.363637785799577
6.508456016688477
6.6562740053792195
6.472611953705103
7.048330808594995
7.7110895063869656
7.60370951744451
7.72564929461434
8.052665018472677
8.208247497693709
8.416586925154741
8.427491293372444
8.48352893523711
8.14356753161502
8.028993017944599
7.836722145528258
7.931323334277531
7.794129365797508
7.417536609164901
7.2005253779524425
7.173014186410315
7.14176017884971
6.975698028514143
7.2104616132027575
6.568904646521385
6.33249576630865
6.352838129815978
6.144792247187804
5.751354256900233
5.980108831781774
5.754219070224911
6.090326702770566
6.168238467906372
6.162623768253501
6.297640120684181
6.736848770080655
7.2663087218252915
7.3482531912652025
7.726802658077458
8.34891511845151
8.168346704174676
8.389665500605068
8.600785550952526
8.354807458000355
8.319117657379037
7.879798304689824
7.879908716125163
7.8886915247929945
8.07194862586863
7.673247427486946
7.6970588363976145
7.470317287986804
7.614536755743425
8.00033315782695
8.097352024774008
7.629833716486734
7.210652050554873
7.493994388672194
7.252466429261789
6.791177595150397
6.916207536944022
6.46606144027349
6.273881813461212
6.304082926937943
6.566114335007947
6.490772251285044
6.45859329301486
6.408248842997226
6.637622698830006
7.124078490019372
7.074973325431512
7.072815010134478
7.09871288603008
6.7759836185046165
6.6758234631744475
7.009634718001867
6.834136021511111
6.48977685908657
6.631997668311184
6.661131144194475
6.703776540853016
6.719409152737969
6.837043807378646
6.787375668407252
6.650910732968972
6.708626666369047
6.95427724331927
6.8590559928784005
6.464190413471892
6.221417231721645
6.287329645243796
6.383602259006854
6.765959341527131
6.919940038701505
7.045935219637654
6.7074314083006765
6.845362933637889
6.891790593401512
6.86718379645712
7.141423891673327
7.402190105170701
7.843577599520556
7.767446143598946
7.764925904770377
7.72691974927568
7.610458876986624
7.239369959335866
7.2439095453644144
7.138516032685556
7.040949885820888
7.3533780075041095
7.14282412090476
6.658022536993272
6.510955551681912
6.443194070269589
6.569098294003164
6.637365755735336
6.687734786644488
6.892990840334209
6.8420030951361825
6.825608877432084
6.386569953696446
6.4651468177444755
6.534338800697692
6.559900932962435
6.620103210668459
6.762807736747196
7.224205248412941
7.303497633455217
7.6820671344737645
7.898576727889127
8.207295034150864
8.398924585055564
8.830930885529444
8.86484622293545
9.041042158823368
9.074998950113665
9.094963663808333
8.618094631147958
8.260016346734051
8.03612442774449
8.075610258813278
8.186761660846685
8.320452505855515
8.248287870614266
8.262477106954709
8.14395423867251
7.673625886824512
7.650420202709323
7.206523698141636
6.778133776762301
6.5517584632493024
6.088525601002158
5.47335835670857
5.319305695424196
5.190294016787484
4.8953375348906984
4.6216325852333675
4.572512864698479
4.4339567262898045
4.266234009419593
4.1471397425504914
3.6814169747893297
3.4492647611929903
3.4212821311343946
3.4092110124090107
3.353768158631241
3.284995993016632
3.1032257227689484
2.931391548036882
2.65382268814006
2.4752235733448797
2.3859247645902872
2.4134574085225595
2.321667969497451
2.1102687887262825
2.0609559618803646
2.036524697875749
2.0097022235604536
1.9888923433752708
1.9565091038622693
1.9101525794540541
1.9648643430318482
1.8716746312891765
1.7435903778131514
1.5845165093979825
1.5926410418314936
1.6307617123056748
1.639678523759736
1.6529196505601216
1.6698030804315143
1.5942929814575144
1.630362133543479
1.6376745502323355
1.56797635324215
1.5305661294611674
1.463955143551639
1.4055824145890436
1.3779057642196393
1.3609415675498053
1.3767494229084611
1.4327559024372174
1.406387454159883
1.4278385005845484
1.4287801373504065
1.4221005375620703
1.3572279643352756
1.2805766503002585
1.2606430316611055
1.2320721327276358
1.1914443770137166
1.1439499065881378
1.1870884170264788
1.192370659852068
1.2432259531727998
1.2466341883975878
1.2762993962189844
1.281690850977435
1.3402143402486333
1.3761740392136865
1.3767539805554292
1.3063046184140812
1.3204654465423222
1.3218137256059157
1.327499399743481
1.3325970978294934
1.3631622322853103
1.359809734074056
1.3651888037884972
1.3591043872717932
1.371037247001986
1.4429120838335574
1.3559054016153287
1.295709908399637
1.2353436845198857
1.21093364574991
1.2617257673968738
1.3178392969852866
1.3066340227836235
1.2602091297188678
1.2247019637640624
1.2498856127424907
1.1845089413622456
1.1763340843222982
1.208940900319045
1.2279939202363244
1.193741418691563
1.205156389046499
1.211658848803695
1.3273372344812044
1.3480370732555196
1.3108212214092183
1.4226553902252774
1.4812668459538052
1.5203567170081773
1.6036786940177188
1.5590344527814621
1.633891480402351
1.6115327095648238
1.6544119498658716
1.670592488690636
1.6565761451790095
1.695753105032716
1.698555581362725
1.707978853914004
1.752864232212635
1.7463598795397295
1.7936634883464742
1.9235287242580106
1.844476908574908
1.8739923154609386
1.8958936661741432
1.8058857728000348
1.7614345748717557
1.8090015673088309
1.8087366882799565
1.8408301220036827
1.7448693080871334
1.9192240545082235
1.961362646471601
2.02709017712672
2.119299151482562
2.133579885604262
2.1563868664424577
2.1680057862717272
2.1687461262583154
2.2228718622469827
2.2928155835013575
2.199375230001489
2.1802166084189722
2.156172273405163
2.144817228937783
2.131235549303502
2.1401897043433777
2.1519738042717185
2.2801292445805745
2.246499750227146
2.2445802443953675
2.0691417203895823
2.057905191806136
2.0067296804883306
1.9616381533822242
1.9103905487087096
1.8672636544025216
1.8245814100198303
1.7650202071882126
1.7443366466176944
1.7391472604224074
1.721076653755209
1.754182399875684
1.7534770518178378
1.8022962824056836
1.8735302513120846
2.1173587499590405
2.2262636155904096
2.1652928404391307
2.296021470584717
2.4695268227294678
2.6677337092469506
2.728320169301176
2.816917551318935
3.109553341919252
3.6733934374508066
4.133021578010501
4.375059527351136
4.853994746403626
5.294969412690498
5.4219387026725485
5.926650609333036
6.602645834097541
7.2997505467704045
7.942347849760258
8.587875776949149
9.163533632825843
9.387223252309125
9.702879015681438
9.888735967745452
10.082431952792794
10.56755500846601
11.092867071903829
11.67043928214991
11.717645429203184
11.379730657000769
11.047714416681902
10.998159876721456
10.692516769906888
10.42527686171444
10.676278902923347
10.43825910277765
10.089997941903308
9.877037713684143
10.040769206889992
10.055733788269892
9.620203282518869
9.613586808440946
9.404818320652359
9.288331113434579
9.340632388827682
9.288384326127275
9.476740905554939
9.379045214309542
9.296855142629656
9.414382851122706
10.116867791674842
10.459923803476169
10.958115383639615
11.498949278205265
11.56145433207722
12.054343052489688
12.188619120266354
12.080724832637916
11.775725686706018
11.440207048723122
11.495359293299332
11.554562774760349
11.66768997690138
12.436085620964842
12.42408209216533
12.568962640075295
12.211098794300636
12.253806595029673
12.857559843832965
12.899647335845833
12.557126901125736
12.644105580874179
12.72727082540866
12.938306283607464
12.85805492427491
12.845820359282158
12.49325497614506
12.464583298222502
12.422322989167807
12.82797595729692
12.978245732666306
13.182558888108073
13.168273037086035
12.838207855353446
13.02898719722911
12.815598912165877
12.726631202394508
12.705982184924101
12.409326115571854
12.283730257913366
12.786360658433948
12.94609392747181
13.057753406812017
12.427853514498114
12.602038537298126
12.215623940501512
12.423882009066586
12.21279962212832
12.519231904142853
12.374321051067477
12.28926185473068
12.235173798687729
12.279025892047922
11.958552311082606
11.495192370012662
