3.6320236883781405
3.292025425403903
2.640641481084138
2.704104697766703
2.8462243755802916
3.325804161484351
3.241042739127391
3.4667722652126973
3.638536847263863
3.727894228799393
4.208866347508206
4.145129825892806
4.392272850675163
4.496164659189756
4.930940489400974
4.848511979189821
4.905700424074242
4.824538335920967
4.807379531899766
4.900728832202962
4.949663382423252
5.080944594061419
5.4185456160720795
5.589178817420924
5.730858401835048
5.642727674522314
5.66025623407585
5.6007927471678824
5.626281504054374
5.657668664799485
5.569290325766736
5.535260429312955
5.282132483859723
5.141883488603758
4.835201181102041
4.897914014912017
4.772025956853087
4.759996328751008
4.712496322422464
4.566687141540127
4.558302476417711
4.432942111402198
4.195316264558935
4.065025884609774
3.9304122098151693
4.061513881115281
4.107901320715871
4.1220461326481965
4.120423873578548
4.1716722832295225
4.287380260034378
4.321324178351763
4.4545295273852235
4.616236103955016
4.724017476569658
4.64791007093539
4.688180337192356
4.800869555737742
4.938989942069336
5.02149278948213
5.073948329611162
5.368220725469929
5.549770180828255
5.609334279516617
5.767835792317921
5.924020116697482
6.970483676057166
8.128999194632755
10.23757187189293
12.109302035983417
12.840394551570181
14.50504470350054
15.202270114050936
16.04220051109548
17.269500802766974
18.606683854700236
19.404724950602905
21.96648478022778
22.415942402300267
23.519896962435826
24.598179074966644
25.330493206017817
26.828666697705057
26.89043442771078
26.73248764705332
26.400193034851902
25.3643055623398
24.25039079539912
22.22839631527365
20.38773085857083
19.39543420695417
17.93620919828529
18.101505623477514
17.28637979098273
16.5099967370595
16.893201393026875
16.845304608600557
14.857302359128813
15.434388096359834
15.685063764251169
15.8356763055633
16.541744678704124
16.522234951342135
18.476449275681954
20.05281121859085
21.363432394288658
23.320500207136472
25.10500632802349
24.743928957888283
26.317489506008165
27.9678510258157
30.082926901115126
30.238732388564394
31.07597633434482
31.87934625163988
32.64872474849171
33.14960599355427
33.24384069188459
34.82068712446933
35.46935370709669
36.54471903559018
35.38326423153286
35.18828563369454
35.0854996208954
36.2762477339219
37.86375243385272
36.907796553384955
35.5740149607705
36.860619379564106
36.80046105303332
37.026488313689
35.5289611320809
36.23807566290293
37.78337182715907
37.50222258582734
37.55347162461878
37.46915447173972
38.17122536323894
37.81039386482833
37.21234280013752
36.319691120507095
37.032617716147215
38.305392082058084
37.047220037718354
36.877362662519225
35.94333515123581
37.27994283892325
37.873036797472224
37.59422746778971
37.00531103057054
36.573989461118785
36.98582442470093
36.94688363746357
35.92413074962085
36.0982545228379
36.552708406777384
36.55730942117036
37.06980919977106
35.98394937658295
37.167820671649004
38.45827682861274
38.836130253819064
37.22740126518556
37.14215823007169
37.76806187113618
37.12255179422144
37.04151513106503
36.98991518324728
38.942148761060686
39.682322079042606
40.02315988446903
41.55779484821387
42.26249339896579
43.91914120798428
42.47577017320067
39.36771699949762
40.77386698049676
41.12228308566158
41.00452725078755
39.42804793943292
37.865078880704914
38.24289735378401
39.35611523959294
39.891500842257
39.645004148832655
41.48861683457611
41.142608243372436
42.38638572711541
40.3611659748785
39.621764894728884
39.791102061865594
38.60840557951001
38.99117331921244
37.29083445686915
39.35341041745794
41.06222539948077
39.8362884232316
39.154586955624765
39.67419484660611
39.673142800468824
39.49278461702847
37.31819203134644
37.7886171763226
37.87110892044728
37.97058375538294
35.034962836250784
34.36348997353029
34.04977921213903
34.70278530014106
36.48173323514481
36.70562865891677
37.983461411715645
36.93176216485582
37.95684473501204
38.10186222344324
37.12573481583415
36.89731258615835
36.575625827740424
36.30699041258231
37.054103315530824
38.89094113060112
41.33287638836678
40.25462299698745
40.99433010586283
39.573799458897376
41.50784569573717
41.63891636694039
42.62733806080293
44.08460872096924
42.41688965783813
41.46801337404404
40.89000878609033
41.28284325801009
40.184110243068616
38.839352552385854
39.602613882787615
39.23420640645793
38.52322825875566
38.76229734746376
38.66511897296759
37.57002637835795
35.63570739462504
36.87541994863845
37.071595995926195
37.41030828242302
36.345158610310584
36.08126543768434
34.09299241751909
34.080245447395555
34.52729429898322
35.40378554311322
35.29230313257306
34.27093580312075
34.549202185114645
35.56053421168888
34.9717090668227
35.129377149646835
35.02736808665754
35.31990479379791
35.65083370600617
34.934495533898165
35.94344975586287
34.048086380202506
32.95335117080556
31.749403440843246
32.27967650746955
32.42864915589167
32.98973207652695
31.556440324569667
30.864145482978653
31.13885936171758
31.117785952494927
32.793247189891254
32.48267692620754
32.357064309186974
31.3953149509805
33.211924253365055
33.50132030714994
32.05686340656542
32.87459593245239
33.379974863168385
34.43318367414765
34.90438126518137
35.51692355832185
35.305521137856175
36.553354763840794
36.7286298484924
37.43511144111051
38.345730014741534
39.60251460583959
38.20658454674789
38.846413631851384
37.844054806643584
38.46056420237764
39.991785772795694
42.45232303103868
41.87324854841653
41.85295573076398
42.396101873902346
39.79760679625489
38.89093083483429
37.805277039714234
37.22861017310075
36.84101064556667
37.93547916046263
35.77805866678304
35.866051026185716
34.127199887921144
32.74088526777274
31.722408126107403
32.787414451915495
30.9686186898039
31.109858786340972
30.402696717965267
29.19562023581158
27.974624287726204
26.624825539158785
26.93825529032528
26.667305953703135
28.489727650011208
28.38824043256911
28.12631104434152
28.57565420678743
28.790733327505798
28.94855727988739
30.47207936669431
30.235577536325223
30.858641735708602
32.564107270577075
32.284728867013534
30.789784024312127
31.155374205066664
30.24265842909147
30.025685328346537
29.36056780268866
29.53733798882045
29.823053532700573
29.41125859331811
29.750607620719194
28.588783333043295
28.85970008185031
28.97840751249627
28.765551152359944
27.88644872598939
26.941128491382216
26.67196738813709
26.750928274912564
26.24173187366671
24.403692325213463
25.556278787196582
26.796855723793207
28.203230062546737
29.935265246320125
29.68957030624976
29.563631414138484
29.722637934378678
30.10796470540393
30.723568736669996
30.125540461247766
31.14403983674502
32.21742080465588
32.17921124633448
33.19487926477816
34.21994205427534
35.43270399956384
35.69155276845099
36.18504109309592
38.1848390519037
39.140720402527954
39.43608563968208
38.39378537164835
36.91127771148941
35.79032387240848
36.647738688835894
38.70592962336409
38.62947913223256
39.68054071504239
40.29286043275561
41.60946203441513
41.04276005626089
40.74868073243282
41.60039596644941
42.046727855388774
43.30944623403335
43.41533761649467
43.14582120926122
42.55965735561422
41.50334140947642
41.71860793835385
40.332770398403554
41.38545253063141
42.37436059752237
42.666800107158345
42.42550415963643
41.31213475990605
41.801566767740276
41.1264849078154
41.835558331986476
42.789519252585855
43.017945288197154
41.43400040457242
42.81787165532462
42.632021582990035
40.65382522607654
40.17207904979078
39.07618907203006
39.627881754399496
38.96015877754671
37.572998826819585
37.56246446927454
36.88646436183484
35.173505615944556
34.44622666998268
34.69481367004956
34.5178125321619
34.78452844816395
34.49706850674288
33.49017092565742
31.637035593209294
31.659085266825098
34.393622696536696
32.322849458826184
31.514660558601214
31.350521042801972
31.457885386956274
33.46346139211708
33.74765929358855
34.46810621228054
34.537921031504915
36.15384096368703
37.003140059118905
37.079695243837165
