1.3108146188217875
1.161069406182253
1.2177660229931944
1.2705489723352694
1.1546615998315675
1.1463291860296374
1.415027790663428
2.1428018797132777
2.3032444882565986
2.451709749581293
2.648591722739847
2.597054344775263
2.5384932282481665
2.4735086351419007
2.380088587231304
2.316237542551775
2.281964072708762
2.281223693819495
2.2723371294383754
2.2253616317987936
2.2251973654455304
2.2529616463613595
2.2817666035179243
2.392831020660634
2.4455135557346646
2.456388936948689
2.4337333583806955
2.157354002929944
2.0492451120962847
1.9384754997508167
1.902641919653016
1.9145977234040807
1.916908571851549
1.9144007906818028
1.8981670051677964
1.91012777681008
1.8562973799220732
1.7922142360454223
1.770618206723936
1.769900211123446
1.795178445456149
1.7963820258490322
1.7707704722308772
1.6531343975057886
1.6050013686072213
1.5850303715720102
1.4877000524618398
1.4502984537185806
1.4230154821866798
1.4164636246764692
1.3063981489549135
1.298280648323713
1.3040829768439208
1.293387022244889
1.2856032437754163
1.2306551044689429
1.222925348103566
1.2017132728404207
1.1673097888508175
1.1759714236274466
1.1941539928059643
1.2152025767250394
1.2007608428802101
1.198217046674858
1.2261485357155442
1.2847900780188406
1.368029337177893
1.4471935674349
1.508313918428923
1.5946245347930756
1.6351840019879642
1.7059799495612928
1.7578996122325694
1.8402788080727697
1.9238221794464032
1.983775925919496
2.0652324607167847
2.163367303908731
2.263999374483808
2.417725699338275
2.5038322758715776
2.479384570332021
2.4927324868837606
2.4790739025357498
2.468218825066315
2.3963879364318044
2.3315496127325104
2.331480658314582
2.2831016111538966
2.218313143734158
2.18489203535674
2.0602001310047546
1.9415990740305005
1.878130459720023
1.9845239519734998
2.0156712998652866
1.975262312736687
1.8867035951309958
1.8030167789242213
1.6345758464784061
1.5041607839439477
1.4907748593406054
1.4837698123305167
1.4980791334991561
1.4942291169328004
1.5141526165733619
1.539143032969942
1.4807260125936614
1.460744295899684
1.4403401738578065
1.437268344111933
1.479923936821138
1.524836798696743
1.5084014774723102
1.3537563734861056
1.3325822408334613
1.3159978165039776
1.294226209366494
1.2672869204594244
1.2814293417249556
1.2592878437410784
1.2299121172081189
1.2075197686512715
1.1755559108531863
1.2706772611682637
1.402264886189919
1.5020762515277102
1.4857013881061287
1.5037662027750625
1.4608019845277957
1.4034626223323445
1.3968816109751268
1.3791708466706447
1.349398391429701
1.3129793573682644
1.232626427758954
1.2051309969018775
1.2320562494532425
1.265742260377073
1.2592701037694833
1.2819367104069688
1.3030206246924205
1.3361042590072842
1.3452468741473766
1.2342739109884142
1.071174058485076
0.907200949776972
0.8732104063679241
0.8483584040283357
0.8693878800383841
0.8893324114849708
0.8497601086897527
0.8419381028345324
0.8383872141287393
0.84138751660938
0.867962842631249
0.8853887872349219
0.9236341003297494
0.9460350761418411
0.9102606433433991
0.8699080039272745
0.8764040539955262
0.8671817747765008
0.892712917800384
0.9161725461366921
0.958180947800971
1.0043130967028562
1.0295722408703973
1.0496730127208305
1.1161486487044279
1.1641562867500548
1.1815182852815138
1.1797114991873945
1.1815678550115225
1.2262821985030958
1.2567149726884204
1.2766818376888236
1.2515609512508228
1.2207220947686444
1.227180462937814
1.2468751485187113
1.2291371516062646
1.2462474483569321
1.2287483459478845
1.2170774896484073
1.2119819984361473
1.2573223829802138
1.2652795533273853
1.2484868894566428
1.1757564886299245
1.1410621203364588
1.1546586566632573
1.1613743952216653
1.2228426335242848
1.2140853354611547
1.1926530578180772
1.2063650439062896
1.2097472719328821
1.2381118129905295
1.2584664570703008
1.25026586797465
1.2602967775696898
1.2304655474059556
1.2289000440345372
1.2223065667908188
1.2456566072079829
1.2542747110303254
1.3052385391120667
1.3278979709866974
1.321643730903521
1.2793836288628455
1.2231592487052212
1.2007103178481837
1.166013917115621
1.150419548227879
1.199390280439284
1.2418846509141521
1.3066032649463184
1.3108229123484263
1.553352364174959
1.6894106149598742
1.7421124702360486
1.7904969038488623
1.9795574521984798
2.127831554832766
2.1546466679736205
2.2214219593466296
2.384127815697391
2.47334111450746
2.6273982579397495
2.750217876213351
2.87805987546346
3.055010981541879
3.127303851749272
3.189300963601904
3.2609494150008116
3.482557959046411
3.6850663208235814
3.777390570991988
3.772841332619835
3.750000610361384
3.7277310117428213
3.6999713084680925
3.5134569509085884
3.3843958072840237
3.4439211216512966
3.4099572683497934
3.200749217104922
3.097718366452805
2.9973266337714497
3.002860906038577
2.9748852575715907
2.945877753215168
2.982350782836265
2.965745507685277
2.9099883382724125
2.6863475576396376
2.4118776610037935
2.3392761904654584
2.1339590443705796
2.0569903436059023
2.050009632518358
2.0567383431140613
2.0821093513771936
2.116897993711041
2.1591387571844582
2.265800635651874
2.310397430421596
2.367310081361283
2.4298713434205306
2.4114440040216563
2.4048123513701927
2.3846343288794563
2.3633965215838737
2.3797463678313253
2.352819384810826
2.404874973599515
2.5900162802085105
2.797623470278708
2.858397726601142
2.8532873115439337
2.876713711438143
2.905599364491721
2.924426223064043
3.0622220139054015
3.06814993046408
2.9772057775193583
3.0810422391194385
3.1339805675229306
3.117366416287159
3.0844919547888674
3.149697151692151
3.2393670421516854
3.337260235703785
3.3273482703896464
3.289887228181077
3.2195244854228675
3.054664844227349
2.7829348855452256
2.6653917703967354
2.6523555947356656
2.615049246547845
2.5791163778811956
2.5677927549522894
2.466603268524416
2.3429678811743937
2.2933500368089463
2.2126063452692266
2.172670052140495
2.3088817472544356
2.334149240877795
2.237995033883778
2.053142959251122
1.8720207343817368
1.845771459856302
1.8773310239846022
1.856512414911468
1.8326304732870007
1.8487860524579727
1.9084765467008957
1.902240463640797
1.9146955071342695
1.9920969816663803
2.0303368836420708
2.0289435451201596
2.0747552974742964
2.0814057160421866
2.0611790674660044
2.0083729216614232
1.8228975919644346
1.7857078681060479
1.7810855028013564
1.7936661476133722
1.7977485424494588
1.7799911469793712
1.8324192263088133
1.8922462241804598
1.9486753645946682
1.9698089244741463
1.957269871303459
1.9971568241584383
1.9726044740088948
1.8726109425206126
1.8041601920316583
1.7267925698532611
1.6611645333738132
1.6344825671659198
1.6414118293593816
1.6397385255192813
1.6311473983426712
1.6577500754003693
1.6516265063633717
1.6681296436103898
1.8001001780045036
1.8923808768027968
1.943560848330377
1.943965715226091
1.970398835785528
1.9391073627538304
1.9126645285927417
1.888872235720969
1.9109551211651676
1.937027085299149
1.961560609279673
2.018165633051225
2.00299449091806
1.97707935339422
1.9599002511145378
1.9690603071932906
1.9405381500029253
1.907282266720923
1.9643885513946802
1.9966347272464309
1.8622943187776635
1.813080722684396
1.805004185606401
1.868971794304239
1.8846278961493383
2.1140390256391193
2.1963937932338773
2.2158972613313197
2.332376627813784
2.3772808558165712
2.507080715107025
2.515284725268656
2.6028155474174364
2.674961858038076
2.7404180902620636
2.7754408764271816
2.8238034631695443
2.8054396358607896
2.738549242922356
2.7029980995892613
2.755745896446141
2.8582853615813404
2.7961357952966486
2.6984088569418754
2.6530834005023927
2.4866140534906545
2.418819067621045
2.404248338929569
2.3284340730214685
2.4963549877890028
2.597964876447204
2.5835771553773883
2.5376192340554864
2.6078810088239126
2.617952218789072
2.6079284875145183
2.602139203517568
2.752352938287831
2.843573334272344
2.9168632230682796
2.9108643070541875
2.791929226821324
2.7675689401133114
2.8290409942877686
2.9208414003400014
3.0310931906429137
3.219578257287729
3.3668237980476725
3.3976225583242368
3.4882978192911223
3.587513067603296
3.7240390822582916
3.7820898703343993
3.6905509050358285
3.8490142888789705
