3.479375948070993
4.141241909299933
3.8801861633406483
3.626682588098948
3.662194618572296
3.509914438927961
3.652906931747803
3.863425390188667
4.272892506679807
5.353763204515206
5.660428991647477
6.253683092763187
6.564253773860674
6.9673434764822115
7.525295349086712
7.349571650668213
7.349603783133196
7.9170193937926125
8.027644519615539
8.212600700027691
8.658209664053592
8.768557711655296
9.192388250380265
9.45337219992196
9.883588604562238
10.251230727952976
10.653324955105413
10.888977453254633
11.283246012615017
10.945842503315674
10.509488160167166
10.824538333515836
10.872207021812423
11.157141866114333
10.944570912837364
11.305824103200736
11.676900336930391
11.64991159434462
12.097004119184415
11.899699377875631
11.723924304591828
11.796774277258297
11.801614983043635
11.776598296137902
11.81911271446265
11.659149753140065
11.448510510871198
11.63053191993893
11.173207365547139
11.83919762602045
12.36404061556048
11.778663793337682
11.751425528518286
11.496978470491891
11.832201550165593
11.854312360115447
11.786638709174921
11.437605100754947
11.322211135452445
11.479509476078224
12.156193181210806
12.703612853475018
13.122886795689277
13.61405677470078
13.626159874626842
13.63934919471419
13.661859009496396
13.435541145476966
13.938838602810046
13.51761440889695
13.832390734789536
13.791941730792207
13.441999694511818
12.919405586459536
12.161058604430366
12.257415444887167
12.45429491860582
12.274161399170293
12.02327283536473
11.982796098892004
11.678139428225567
10.951731357202448
10.690685199195176
10.490474178732368
10.794679899484326
11.381225540142395
11.336451160097623
11.649966089092356
11.438944931491084
11.284425713458605
11.078450446406661
11.835236144252281
12.598083999652024
13.16270881185071
13.698298059100011
13.393399558749522
13.397281330610104
13.428900446935254
13.068371397240677
12.811868328768403
12.75023350407439
12.994550611025877
12.711704827837064
12.61158597024442
12.412549178001644
11.916685285935184
12.437749589806433
12.450702184367225
12.151146971112505
12.46466483005866
12.088427573611524
11.197197418146756
10.690291376952851
10.69223146346216
10.54160847954897
10.445845526393388
10.212647568908835
10.256815694407816
10.44298469189488
11.018020145778873
11.022445736295515
11.270964817427197
11.197211923072281
11.299677163325994
11.334604668617397
11.214419607056591
11.542482314224394
11.060014550406585
11.305156533890905
10.735829601456997
10.765020341872114
11.223037902657428
11.93921013776791
11.88041722602565
11.959139756611354
12.240571711078232
12.386058866013922
12.609641543501231
12.60172617520323
13.02498566049108
12.583128301319
12.546498000922563
12.805984687350016
13.19661120770022
12.745952230681938
12.970521985904563
12.170793413469747
12.629406914102475
12.507517041240494
12.899761754444487
12.978208210425219
12.670607514936396
11.860015323299669
11.839847950407483
11.52358743389244
11.98495703909593
11.776894778702545
12.101217106934056
12.033148729624743
11.335311883783719
11.698877701476164
11.558537832953895
11.071042330150553
10.19759990281554
10.329483149365608
9.99757374095989
9.962187864643573
10.254658377729289
10.18540687754072
10.094470718782045
10.155321351550645
10.201427258521953
10.551350747469437
10.673498700711066
10.985600888445575
10.657848570732623
10.566789585663956
9.978756406660926
10.095350324711424
10.26073991385964
10.224824847226966
9.868186364481726
10.145016301229484
10.576141002838908
11.067728469714245
11.3449781947168
11.32904428291829
11.083321076716636
11.631517139809878
12.04545825854796
12.17923582447832
12.385276807657995
12.183120841706598
11.987079238137285
11.913635367552615
11.657404994618792
11.895377970981317
11.99158251684978
11.750740254545354
11.214599543379473
10.788615320032559
10.838914487927386
10.955163649278505
11.185213766166203
10.494404601673896
10.209507453209293
10.538842298867605
10.266595462316669
10.009214923840911
10.059592801552075
10.268078071409402
10.48134101218643
10.715387245035549
10.753386517597814
10.710086891243341
10.90354220704784
10.567845012261733
11.052278423433282
11.495046372287721
12.009265851026779
12.001285800723236
12.658395931805718
12.417841635166024
12.078594679160918
12.167463282366546
12.06898662137025
11.550864890652887
11.15463015069501
10.77107783043027
9.972512104383908
9.51700167172564
8.974131325058313
8.49207794620634
8.102798492983503
7.866835942337637
7.442680842786511
7.485880454820965
7.189642551042401
6.840666419322767
6.543632946210086
7.222423939020048
6.628648486485156
6.942080077451903
6.865702965643986
7.207228164458513
7.749026917221431
7.899841414141301
7.952764633934035
7.90641881909888
8.191900069599413
8.305716218991922
8.860837020397273
9.312171346864467
9.790359152380722
10.007043013822761
10.201417069178033
10.213069400405619
9.817955101991986
9.789669735977942
9.971786070921059
9.58366201337793
9.685940930519724
9.256610999431325
8.980105863888665
8.436032880363634
8.22417762473292
8.157186318372327
8.585452553355916
8.534911828475384
8.274528169105828
8.068207202495767
7.5160236355927825
7.045717184995321
6.607057377311849
6.364381952278722
6.275802291244215
6.250783729646083
6.227977709722544
6.748586318065508
6.704356093051471
6.3976279398294285
6.420784438170219
6.612298449617097
6.976096183283056
7.145183476973107
7.207271766191681
7.396194195290858
7.159280195785369
7.326404795753746
7.2705288005094815
7.2754910552623615
7.390667381013126
7.880282238878307
8.102146832777798
8.297240978688736
8.650357363383383
8.700881228617508
8.824221009189515
8.521313310505706
8.651274909166961
9.449436811607676
9.94098989679026
10.30830883246895
10.214632567542083
10.26407111489995
10.580694933848413
10.726738163659054
11.029888470383222
11.15227588924291
11.81930453802042
12.407675874224383
12.374514908528122
11.84095839253405
11.981230090913153
12.118735149957775
12.146560934039512
12.667180944341922
12.884216776205196
12.922702156355882
12.799444890465104
12.288794666504401
12.342837324085778
12.298032616455709
12.360326498198752
12.309815736065211
11.845328851056259
11.718468302048489
12.129308605456284
12.349335015918946
12.218465048795498
12.035658634440498
12.003998564597484
12.411393887784124
12.349915444249042
12.544391999942096
12.896140496134517
12.660153137625475
12.346722183779525
12.006219629535533
11.677557701299609
11.479411385413984
10.785916104518172
10.509239945581468
10.491315483641309
10.978356687612454
11.056785039529741
11.243737912937137
10.93132156074714
10.56111299696068
10.466575669195143
10.399804620055708
10.244537980231994
10.32694815485256
10.349817618455837
10.76135352867339
10.163831490600504
10.382039616350152
11.020695754856458
11.493967577308508
11.874951971070756
12.271799892427449
12.54768095549139
12.559794641539247
12.489007861160285
11.827957465756967
11.547952863205888
11.05762819951592
10.49379118372409
10.404162290924754
9.970170986313034
9.788034373674865
9.904797696257729
9.825432332694005
9.955183310201399
9.349762731936412
9.298979262026535
8.893802362697832
8.641672708506555
8.422871338302652
8.357945609822776
8.242137578884163
8.358882886320028
8.52131982932808
8.604525961608884
9.199926780731474
9.598236695251499
9.970982220491234
10.192666603425703
10.88618209490106
11.283181622335913
11.109291051613301
11.299977748355355
11.756086629044871
11.437025104409104
11.260048419940516
11.331726061196758
11.32139354204567
10.92592193712586
10.69535476984414
10.480696414744246
10.915218741281816
10.651480146952867
10.822201168811254
10.99368510486851
10.840531273855776
10.681733431401199
10.455629042818005
10.497222963051886
10.032710237712783
9.686844305372002
10.01178957304406
10.080154590633523
9.84267821804949
9.992240451233808
9.797072212166178
9.534828317721587
9.615119091659746
10.438959938952445
10.648379709253673
10.500977629309164
9.716598299556576
9.611118297509872
9.454741224767206
9.141464893313652
8.831814888272273
8.841782240846937
9.139516103224015
9.2709540603605
9.154125173657363
9.206076044872471
9.024404197927527
8.656750607398614
8.12034048504294
8.177048753112889
8.300563633522755
