10.523116971461233
9.69940104304214
8.430216017376367
7.826267140999067
7.469873788639788
7.519900448333405
7.457357264661005
7.926488699219086
7.7515033598957865
7.536782148927934
7.476451364708622
8.009673357981063
8.057896014494627
8.313248353958324
8.893706672322622
9.030920860361583
8.909029144447759
8.843717361856621
8.74977409046341
8.837871308634908
8.878962597003436
8.766154493948978
8.832706791139625
9.153668109205686
9.30684539090274
9.394239740091667
9.632898377504388
9.806155559554506
10.014512211884856
10.32435239181791
10.502004094744986
10.219223671073818
10.193652325928205
10.053281525391906
10.139673183379383
10.088627106818837
10.292004657941565
10.46602246365106
10.662746690974277
10.680312682014353
10.662447213469985
10.91741821583869
10.92289869144318
10.581986634596921
10.347760818309998
10.131284288714443
9.868307763110968
9.380747577581165
9.158558859728648
9.067993840784913
8.90113716906735
8.993773002881994
9.10671504072963
9.121253736792799
8.753830049884046
8.694038759334877
8.553464219632048
8.450386917405794
8.331812329521188
8.07790286665099
7.711980073572299
7.305058450979944
7.147688203916623
7.253567095687397
7.586955029492114
7.775268598030744
7.874899723363408
8.077727994151823
8.243716846658824
8.129016478400844
8.215753926191683
8.177603804681613
8.25008935056913
8.31870206853373
8.19496816955444
8.382810400161127
8.46404776368282
8.476052538890363
8.508909160290077
8.616858552140705
9.022664142592243
9.667397815742913
10.087912592574597
10.209620126227005
10.137588066834363
10.017238743218652
10.032825152842182
10.113084735229675
10.085489530956412
10.366243900246468
10.43869815578576
10.664986027991215
10.617493049455833
10.58392805404699
10.70828531897011
10.501778899437433
10.408090921924536
10.37958956979637
10.480908009223704
10.49770750134976
10.592674066179411
10.235226159557854
10.008143508550283
10.007060752787382
10.11431144216399
10.499308302585673
10.817515456889836
11.056974992684758
11.21356767678106
11.11744201748347
11.038344098139456
10.789761702289802
10.680738365436579
10.805369926237447
10.746164335159904
10.716577342071748
10.701731057928622
10.717461797807045
10.484872650639307
10.429829403035246
10.159228291297776
10.129151300482002
10.032611602218026
9.751511860173418
9.323792621532231
8.806332151406068
8.42321594334326
7.96972778102087
7.735949160494441
7.367430442586526
7.146558340588877
7.074009313146556
7.005306133464319
6.968923348580115
6.960498584266373
7.002253170658794
7.054895598495625
6.9950540461189785
7.084184406504439
7.1378702957866365
7.201112900617078
7.155117419755982
7.229491193411834
7.45300629279958
7.782620304327301
7.853234317898435
7.872035430497957
8.141954902665422
8.178533694744438
8.30334598883949
8.706489799110269
8.853785135193036
8.888796641084408
9.09319614483179
9.211726903089394
9.339764628610872
9.264240399501347
9.333561823967168
9.396575625534284
9.928477830573598
10.021496517481557
10.199167429691002
10.359380801871286
10.326730071722773
10.474245326845047
10.681628454464889
10.666856494204216
10.666041943386602
11.175192541713555
11.419593799231688
11.351150798304609
11.345624695978191
11.501287279266979
11.504490922760628
11.531682267301907
11.512944747541132
11.757981817299482
11.91027625643384
12.074359903543458
11.646899947403371
11.675970044952415
11.502012353950393
11.551215573601915
11.618273916854442
11.264403208303346
11.068470283649436
11.237085953027929
11.095959230897773
10.448379361310336
10.205731853010699
9.976310924335632
9.833856976888686
9.735005247437837
9.255397421151931
8.872942869749002
8.565266880032038
8.362572753041546
8.204032832417727
7.843972190039847
7.564256812934927
7.275397141516788
7.305007567321924
7.088752575994451
7.013897081988863
7.201734977789823
7.328097450049567
7.0682607272776705
7.1762897686648675
7.369094130280845
7.473093581842204
7.499535469932208
7.482010652052104
7.345213894090764
7.555806023423162
7.910906068113784
8.417996173586529
8.324187222514222
8.27411895904083
8.56125983458261
8.651909949744999
8.65007053575742
8.744925843155794
8.867943585607717
8.933106206554001
8.879091824243861
8.85095677608328
9.060782590708127
8.951539408722663
8.957490898238227
8.909044980458955
9.276532922480133
9.65601048245478
9.908176018310119
9.82731159441676
9.748567806257554
9.252194540681419
9.267482972210335
9.774358412884478
9.893153532714566
10.165180265853085
10.330851201998248
10.322760998474658
10.350876706017177
10.258861075190632
10.068763024864683
9.975187959182248
11.161124197099578
11.018101195981634
10.837119794770675
10.72700746879577
10.520256399012444
10.261415949074415
10.154872148540125
10.143179180977523
9.869116503366273
9.894086628440402
9.84748076386599
9.426514106095917
9.383658212890055
9.19840230910794
9.143982204753886
9.017065688765594
8.82416637709166
8.789304785243386
8.936107317216692
9.012093978276585
7.818203984979418
8.137018063754615
8.275254290763979
8.48631548952745
8.501821702464309
8.340049465624372
8.155487581760273
8.221587309714716
8.293747412768397
8.333021902543061
8.450998018972317
8.35180213903673
8.114303669512609
8.238285658790737
8.195976602932724
8.271443143685003
8.333735671889384
8.504121955977375
8.531902443022274
8.67941697324149
8.533214188191117
8.270201473034248
8.432652855481933
8.133561426152843
7.895351278189561
7.8660759989571245
7.933055526028504
7.741954931608878
7.6731971414469715
7.541368729873416
7.357295492710712
7.23138812886142
7.165375791547045
6.885752894289834
6.667312648548659
6.396845260975721
6.202093972580448
5.914950454640068
5.746364802519472
5.523833905438293
5.459112672302043
5.4793266751098075
5.628245841273783
6.078045438151054
6.159456222844061
6.398183573045789
6.469463678520549
6.476073282277655
6.5221315507728885
6.514338277670251
6.5288748955342655
6.484857489388003
6.446746465368195
6.6047826905146225
6.863450625012673
7.024661900604235
7.053025262090438
7.108724611735859
7.386860730795796
7.386040203237935
7.441200433587592
7.374507377767303
7.002349081903475
6.6438030425375185
6.56707346730281
6.326649800162043
6.371737402872687
6.49702330861872
6.51629640089196
6.903032102266979
7.018498628040651
7.123333541069421
7.309959929351969
7.2711639491619
7.250712810294201
7.472784155574216
7.767207481133097
7.820665973565913
7.757637456339397
8.012142807741206
8.085799713943375
8.133679671037516
8.179027033659803
8.28974781430541
8.436945097589916
8.603009992311097
8.495978389740078
8.344066163555352
8.210111069506754
8.105269852378225
8.613055337195712
9.154516810074622
9.210644834595318
9.36040652373502
9.413583157507396
9.406105724573218
9.335011023834337
9.55515144165857
9.621846253008915
9.624597039618745
9.618089277565193
9.719405841485372
9.734957575853054
9.845600535987472
10.135421794852475
10.311794949778257
10.526344723681351
10.864890619104912
11.146754396820636
11.180801230813357
10.769799730830247
10.394522464593713
10.34841518022273
10.345259899834456
10.357784348981639
10.206767254238894
10.292844397274305
10.229222829008574
10.262212747620003
10.205801338061534
10.309519924691175
10.493338543699963
10.630925450940675
10.52728781709611
10.18273449495887
9.847544019515626
9.60437669675095
9.267273899594532
9.043296034700926
8.706575788595226
8.535445983635412
8.329294438985897
8.203038994004913
8.05431096001979
7.924881888743488
7.866718956859127
7.719411756459276
7.647330749141792
7.515179616360787
7.5265251127611466
7.496943745618246
7.269961734131989
7.113695295826849
7.117200288057068
7.343553126832598
7.518974177549152
7.780837700355249
8.039834836056837
8.197636754527917
8.503462352386233
8.700289283034015
8.692957781703896
8.716985034148555
8.941628112727548
8.986176151351353
9.046726486908344
9.102784842077073
9.042745426433806
9.063774600246951
8.945612651079731
8.98790613498248
9.323397371050962
9.54215210716147
10.072415243879231
9.975761846631517
9.872706118138769
9.652163622338545
9.863541803661395
9.829891745811972
10.046500425265265
10.080795271902698
10.19330026322601
10.241511101866717
10.156168845037687
10.436835389171272
10.596054530790358
10.641545750542187
10.740324250081446
10.78347766318421
10.824722998329367
10.788481939013156
10.568288781376559
10.299466787677034
9.823548552177114
10.03769128376866
10.019172982300413
10.243259388976947
9.775002683390461
9.680174781832703
9.359221519807422
9.253794818213755
9.232797588505697
9.268152852064635
9.024088666586135
8.614675784872542
8.323931771510981
8.211767427110791
8.169006724260125
8.113721765158978
8.188553473234403
8.124372577586545
7.983302794800504
8.065169448591533
7.99591013513582
7.5941696183449015
7.524904580922227
7.269842407494872
7.494537408167456
8.052625490337828
8.247455221649384
8.378988416419912
8.38700929508597
8.546109192724156
8.874325245625723
9.285704867409901
9.434569997550145
9.524879972248451
9.686382869845996
9.699820119094728
9.803739208491733
9.846645578014376
9.79868415211365
9.684529055738315
9.577974828611804
9.566503314112929
9.519912255621803
9.401262826807779
9.123381342186418
8.546417679212407
8.585044306287372
8.32498470854873
8.306143334616355
7.973275564628176
7.659744370568474
7.219530262604164
7.053062670574564
7.0938768524067255
6.96664711985926
6.878487770504002
6.690068346369067
6.648576098249445
6.634427935652303
6.596044557448886
6.501440769807408
6.493408414006957
6.753187857848457
6.924185449761398
6.970824259746408
7.0835780141122395
6.869665107018706
7.094125367781215
7.163982178035978
7.271768828598246
7.325478575457734
7.454864079391831
7.492245343221123
7.263884767033005
7.0383120462115185
6.953027614824639
6.837283645938205
7.049437602599866
7.126634237814176
7.1702308143503135
7.2398112383782305
7.335103472621922
7.207381345573
7.273121442625888
7.579914804288698
7.847358676712138
7.768278574552006
7.71856802535776
7.565568927886742
7.494542908276284
7.5602888793846335
7.86993352974879
8.104721270675055
8.264316742458364
8.65297180850855
8.719291951837908
8.698977360961047
8.42867585417935
8.518941636591967
8.645373246352557
8.827963470598812
8.851826660767756
9.019174482125207
9.291206246140145
9.40287159302947
9.17382250263495
9.26911733631505
9.263869448330686
9.76104592313063
9.952259959893945
10.053390430141471
9.985398378770947
9.93166032985515
9.831301648471223
9.781925272091396
10.129280890226031
10.105566884910413
10.135486569874306
10.125022226298457
10.23339777834613
10.263698444640033
10.223900528574625
10.057760035791372
9.66284820595081
9.633592175532502
9.500071603385816
9.592476562786695
9.524012054825604
9.136918525405175
9.113151610558484
8.969212971675073
9.005851473266855
9.063691091841731
9.253198869334264
9.193951080583172
8.957147896134712
9.129247325069882
9.612794148558619
9.392199889803193
9.069795938618416
8.943482374545425
8.908308865950392
8.935204184392232
9.393148557039506
9.049748917215023
9.471194420841538
9.312098295980821
9.289772276739233
9.151634805866726
9.13462931989184
9.273329342990532
9.320810749784084
9.49854796874041
9.459934819189833
9.32243862480603
9.424462263148103
9.45296365382313
8.889524640469139
8.96976949611781
8.986795396622504
8.889276108283088
8.904024436787038
9.232061896021598
9.036925874772987
9.206894750968477
8.883860671681907
9.012890036653937
9.347742525406357
9.597309400922924
9.659322820008065
10.70219154162343
10.976871393981373
11.138612290312768
11.586873770302043
12.758602269637127
13.937811789238634
14.177591394371898
14.804346752048314
15.756481946191618
17.62792926901625
18.095105506363247
18.823029284220347
19.513791014586364
19.62079317414328
20.1546633525848
20.80622044854462
21.244150774790302
23.053554050854537
23.264732128987134
23.477069148765015
22.81368442882225
23.38276718440768
23.504923626154785
23.60433584320944
23.31494368301185
22.58077283321991
22.773341795380286
23.45339077551349
23.13703725823428
21.60787731306055
22.289511433660984
24.245164091477832
23.876038805767198
26.01484686763748
26.519500927408576
26.91369473200549
26.71544649703666
28.154463799717007
28.875054529922615
29.24553735446927
31.479573970191616
30.990184410495505
31.3862066544368
31.253163150370334
30.683935242184333
30.833337880610465
31.047775801108184
31.343802839881835
31.632356021489176
32.64583208388027
32.58825820658701
30.588393658096003
30.527280555532336
28.639290939038396
28.89186846542509
28.662175370295863
29.56111905440455
28.99692846254739
28.81783463684868
30.703507499909733
28.4114708091384
28.053973980441196
27.494066109040567
27.263171053134727
27.20061880406625
26.949091556369684
26.292592588929228
26.131062290235064
26.3173373457242
25.912717426686868
26.60597220276778
26.820040493489643
26.998496068992456
27.537663138062708
27.65137579310694
27.792498320293298
27.868958988376136
25.83916213590907
25.127415720281476
23.832295721066263
23.726017500976813
23.76884314168346
24.145656317892595
25.08403582974865
25.475548088038728
26.068662137773423
27.374758214359623
26.482335065215374
28.11933955711329
28.189513952169726
27.440117584414573
27.83788753528633
27.84849606117867
27.163655530532072
26.988954101414475
26.4714436421823
26.120893946333403
25.421440059602915
26.416864927579276
27.910014050852123
28.0721724202922
27.959491235124812
27.613010942408664
27.122350119470457
26.957693936083388
26.882747468677138
26.61280816073536
26.9995653364725
25.289486863367102
24.618589210772868
24.21214929673614
23.48071465603055
25.13386046055504
27.130044645058973
26.930999834366695
27.320409878132228
28.911078444764247
29.294779081319422
29.896900810300572
27.86654085037418
27.834951225492944
29.08268361390637
30.696974675405755
30.877664425372064
30.50937778372842
30.289281346887446
29.821615650594698
29.65917599716534
29.434657964577518
29.46716887107292
29.14249640272057
28.895480745503768
26.758137917771375
25.098671732234415
24.42755747675476
23.901698857446195
22.183190267843056
22.136684272285063
20.83692976182633
20.50527893029504
21.427712392739288
20.44123419844338
19.21613578267467
18.59664601786222
20.32419643518348
20.310767230120963
20.66785071555977
20.078918049225837
19.96916978902572
21.354046070768
22.83420900674266
23.460498826907017
24.05178834677025
24.089928227349553
24.39080697511588
25.860032680549892
26.405220208810913
26.622390607245705
27.211048963689894
27.61468782350148
29.70880297822631
28.84515032263325
28.42440138329028
29.792091352426546
28.34860304144531
27.862594360080237
27.366693997235064
27.656546650128462
27.408878519295378
26.33111926412572
24.962997618207446
24.91379844040116
24.460096617355184
24.412281830918165
23.921374230733424
22.68612406204854
22.542974076024258
22.345167899161915
22.02203028899305
21.967183905140395
19.473808032456372
20.04719633431085
20.45411372333637
20.266799891749645
20.97725888297296
20.899272363107865
21.09243142804767
21.082265259158184
21.660627773101105
21.455066037339655
21.99853136450069
21.590161100344687
21.557156874028834
21.510219333687086
21.320025500281464
21.175524742657075
20.513543758786117
20.222069301239337
19.97428727879413
20.577585677492145
20.07947769830445
20.51706039115363
20.260338753798962
21.149618994963582
20.287574728709536
20.793956811533654
20.595510187979755
20.487348617558183
20.584475028578048
20.795618210514295
20.40973098387552
20.42286302735091
20.670884604854137
21.29858629051323
21.66889001523688
22.86867350714291
23.361088638046674
23.3812954819481
23.231345652512736
22.18760559756909
22.19283442446319
22.196325982127004
22.953047557722776
20.832057751512234
21.616525221700286
21.68372168696083
21.61476545096236
21.992811662486297
21.657804455361223
22.041921544373956
22.592664090620566
23.24354013958156
23.324367345698032
22.189915004299195
22.26800953631009
21.127755151355135
20.921303547675027
21.362943182267433
22.992078299910865
23.333042106774307
25.036669482158675
24.515630478835984
25.6703850571105
27.296917110094363
27.074439803392714
26.294524510598826
26.380286481596407
25.982430021051606
25.296050773303932
24.68323628194627
23.96886315293165
23.239936404033365
22.74303034385678
22.749200501483983
22.180208860839368
21.67449215909564
21.201521131772175
20.613568765454083
18.62388082514512
17.9002012193425
16.012737279591125
15.835248590476183
13.371814852447685
11.614805071552437
10.920363468845457
10.853470178950055
10.284069622844665
10.089062859280686
10.143400977814478
9.82114366445165
9.541080535373382
8.964307813670276
9.088888815189716
9.242883844234733
9.076914851097126
9.402882116233453
8.980184727292242
8.815512388950857
9.169616867619046
9.441490303309418
9.284841540097204
9.594090764152053
9.44744171794649
9.357104217333069
9.431000766008921
9.797755232991964
9.872613900135036
9.879284747060527
9.576409952505337
9.626151317472292
9.550998444016704
9.756014952643223
9.579277179713232
9.161507488946082
9.393800925186232
9.129490346416757
9.289748622547636
9.277895885561389
8.95370745813219
8.426383827604429
8.105090889843616
7.656113301906532
7.69353385746456
7.8367923408637825
7.706937529473298
7.4336564817649755
7.463700181334806
7.441846483998572
8.067253885291922
7.908714449767103
8.076648624389325
8.126408004345812
7.944999291701708
7.832293841278238
7.5593541002910225
7.341635664863207
7.155797342146026
6.921807617639665
7.247866177201307
7.605315243097811
8.117485040296367
8.344237312880416
8.315364968638757
7.931686254708555
7.673206109921449
7.4636788652492685
7.47455380914104
7.515426775084576
6.916723140899487
7.076116040628278
6.882458143951264
6.734709111032844
6.682802940221838
6.6627879683870335
6.870382487074922
7.042032277374399
7.042409470156548
7.240759610526361
6.846728081352154
6.602223916711256
6.182152943164508
6.094169346732062
6.3560131156527655
6.6765886927771065
6.8060802764708
6.820304380775437
6.836414391028425
6.531492750035184
6.369453131857593
6.108339983873455
6.204743006474103
6.1625698320861115
6.2945410715876475
6.259603558456702
5.983261000520312
5.776610414953387
5.609089126831773
5.377083100133393
5.341396728375778
5.451701179777768
5.440615010498943
5.55266727202695
5.317219117939539
5.134287835854139
4.972249928303408
4.8499128628927535
4.57176627471611
4.587354935793618
4.901529071827378
4.969880823477797
5.4785029147840945
5.795937699083851
5.493156792682498
6.019777545157249
6.253590967301229
6.491930098931934
6.84666777042496
6.855423349610885
6.737753340867714
6.4529498391549325
6.423442491161078
6.322679408501704
6.408029458999212
6.565578698160484
6.751152481934763
6.741634267034776
6.895361984139183
6.824098594488396
6.9017223470700815
6.922334535748054
6.426300635341541
6.154725495619533
6.1925135796823385
5.7891542967105725
5.61816300357807
5.546227393595862
5.345404782860105
5.495122489718726
5.501119009570025
5.849757282717537
5.8551252623238605
5.668787011125098
5.356332547856777
4.996077558699324
5.000621418672777
5.17687221857093
5.195641663923776
5.383805731840122
5.286412634584782
5.312834088577804
5.462660417248283
5.612579241576543
5.784336303987579
5.861095594550887
6.401431243232255
6.366933260555285
6.518160347332629
6.53940271915755
6.793641313344219
6.779978117007009
7.051055599799331
7.610077407754806
7.7729536638473515
7.91360172852616
7.8059834571838165
7.757484984686147
7.687730156768218
7.985630290665012
8.217185938032948
8.20443852378844
8.066233610626984
8.155583716609051
8.475343855985747
8.41653981375067
8.05180463428706
8.233365394713982
8.218629750080067
8.234138161672117
8.364439360246513
8.580243417379636
8.533344598280758
8.041314339399063
8.09216771416404
8.261919605715416
8.407706643091652
8.668884576966713
8.875892994546188
8.641663725461015
8.496285453521043
8.668115372500681
8.778476911802041
8.563426313608659
8.247766838001668
8.297372869009248
8.282345716682217
8.469945701916803
8.354636754319909
8.549223345798984
8.58487415373369
8.384254948686232
8.275393962301177
8.480247378851494
8.517820676909796
8.35910817759108
8.527295024640953
8.358031103742295
8.048900464117937
7.923905496016113
7.692859600317263
7.407908026258829
7.278938040668796
7.223089682535623
7.236629103346091
7.226458911521547
