2.5584090807664137
2.488670522772999
2.0750880722651996
2.233208875475277
2.0796183333312066
1.972103980050744
1.7753287829588331
1.6748767994679303
1.5828903567253119
1.5255670269541812
1.4718604754043392
1.4303633360859365
1.3999379820818212
1.3379784682890798
1.2952825033542215
1.2676692281802961
1.2484653360166822
1.369383215173062
1.366025075177413
1.3509889175122363
1.273632720365266
1.1850530691357757
1.165373605374373
1.0734956018745536
1.0302257249893427
1.0056920613712226
1.0283746759250962
1.0486382166478867
1.0842201276864567
1.1202356428482187
1.1379963278418577
1.16624784863918
1.2520829717115762
1.284390347050127
1.3191263460517093
1.3529835314945207
1.4209476147448226
1.3289661262786856
1.404796781660579
1.5281777714740108
1.6225091217207637
1.7473517536013028
1.8055210473002634
1.8291518243662293
1.8771179345697078
1.9171760681891032
1.9290788084559645
1.9347168916094368
1.9280601396572383
1.926857876138995
1.9254833178610056
1.9497493425256256
1.8601992675122758
1.923325061078191
1.9166616550808713
1.8929567850732247
1.8579391149660425
1.8402896353598561
1.7361018878364578
1.595103619105789
1.4971547916017007
1.385792488546492
1.3177480897579645
1.2914998402950058
1.2553169800955064
1.2132350607998434
1.1819650959784245
1.1396207676219845
1.101674604604497
1.0526302195871247
1.0259143533761506
0.9540024388839864
0.9503624321066905
0.8928629119149634
0.8997584398138436
0.9254533518651054
1.0519874346954623
1.0784969125937063
1.1396196368072897
1.2374809857643245
1.326651526510145
1.3757952274467669
1.4046057276966095
1.4150973098957287
1.4570795366512934
1.488896387463411
1.518577299179474
1.5444886573840086
1.5830240941148
1.5966985375567342
1.6182512178881658
1.749533966339074
1.8050717532414953
1.799692467258481
1.7942797442167648
1.809682080278575
1.6907809829953213
1.6609784147126931
1.6498576947200931
1.6001621240694592
1.5435071105341789
1.4923167221390299
1.479348542109619
1.4760188032768276
1.453101980047467
1.4319376491868947
1.4072568939255077
1.4074137291045388
1.3856837572537801
1.3782135291916122
1.3744068086134185
1.2932320452415174
1.2777234109660534
1.3476232222596725
1.4161711686199356
1.40644016498515
1.4142903937986033
1.4762473698671816
1.4987484251949075
1.5201612986773703
1.5488049257464092
1.5640886689775673
1.583947985212678
1.604438222350464
1.619039180334049
1.6124395924547255
1.6413335291471687
1.6276879899108838
1.6076576830941858
1.6015492028963851
1.6088016790889648
1.5801060996998861
1.5457303252161614
1.4655318273605888
1.3685522106647787
1.3228696343358861
1.263077924647837
1.2024815511314395
1.1371083212367314
1.05987013319187
0.9742935608157502
0.9387274952790976
0.8998799996297494
0.873530401360644
0.8556940474078596
0.8987266515463336
0.8882088918631152
0.8814853788145329
0.8862246960712599
0.8938776444539457
0.8805942361438797
0.8788578086257841
0.8835894441286323
0.9045523398518229
0.947626067849983
0.9458847580453089
0.9456064206956063
0.998192841515076
1.0470303046358396
1.1060665252247148
1.1449805646707962
1.1750021408233888
1.1989129398478844
1.226016445518877
1.2426923337312585
1.199083176335984
1.1725826788590528
1.2841584552903391
1.3166169725657135
1.3083495856623868
1.2928733129853416
1.2870503405942826
1.2694655302063222
1.2416005103393555
1.216124468800349
1.249504521866936
1.275268231912983
1.2439667990902328
1.2151583147463818
1.1926325469965804
1.1860400421774624
1.185442242091133
1.186454161887531
1.1611475554494186
1.1343177585627888
1.1339330702954113
1.19066442822847
1.1274745996889577
1.1650804362599705
1.2530411751480417
1.374459730115824
1.4498080502281818
1.540770039404108
1.620955688863581
1.680838133696006
1.736703596759537
1.8249295760422886
1.931868959802125
2.03263096656218
2.0904398193146285
2.4146877360889905
2.574218271242907
2.618617334964344
2.7236066524258904
2.8295777768903365
2.9883684919406064
3.1178316111304314
3.130067313012167
3.154904161862274
3.1815441491754197
3.146234783651187
3.158673637662575
3.213794855651662
3.2518741912403413
3.2207846438296786
3.1698063667766716
3.1092949646910606
3.066071473890579
2.9502766635298228
2.877155198797057
2.555857296880444
2.4146282557438763
2.520260087346397
2.4905356518800934
2.3976364652845805
2.2619747593104638
2.1503902009235167
2.151656554348415
2.0850248763044537
2.0201908857361066
1.9925846510781138
1.9445323159697836
1.87856136445563
1.8364584716776313
1.8521135066982226
1.9305389949366834
1.9363203119878711
1.8708347983096723
1.9159952741432817
2.0931383357408815
2.1294897392849124
2.180169787819792
2.1546153168498794
2.2216594458822243
2.364165818126982
2.463742796414496
2.573529203000647
2.9686905034741757
3.032542621945664
3.053091721360107
3.087115992422949
3.175862334175924
3.2282097884916348
3.291728470833717
3.374914924770425
3.3477344650178873
3.4726277361511153
3.58428619360917
3.6140878184134757
3.5834207874846333
3.5467000852075943
3.482936405115346
3.3472719354681537
3.2544410219093685
3.105429680843007
3.0594691717016764
2.9105501817473036
2.4797664991399517
2.4176197489330327
2.364597560774138
2.3286975775999674
2.278846405675682
2.2389305613114936
2.1654323179677384
2.061588548253478
2.076301068344915
1.9970802058000434
1.908162946741156
1.8754025301489226
1.7311140600352197
1.7331843692235744
1.7397979546810904
1.769740144470451
1.7474677454676388
1.7464944245786445
1.6789724394157246
1.7544228408146103
1.825379876580794
1.7924967927341828
1.7734611834133471
1.7221362337235568
1.62554808463134
1.5476807424343118
1.5155111665729717
1.4913710635945674
1.390439975977198
1.289655371920929
1.2394534841241016
1.1916327559820237
1.2027872212883661
1.2320085137995724
1.2837513693415419
1.333928541075816
1.3708862169488039
1.442190572008284
1.4434509193180982
1.3806629651703257
1.3461138582586822
1.3997615140041852
1.5416744824754298
1.5887390512776063
1.6533839865991755
1.687841238692462
1.7531326122805901
1.808232317382545
1.8640945746468898
1.9370784554277556
2.020055541250209
2.0974419018819703
2.2095815818328024
2.2653114633188087
2.436316580061515
2.440500589666848
2.4456859163047557
2.451930087020367
2.625970827450785
2.7118213866517995
2.9376777348867016
3.0309190754084283
3.1389554549634457
3.2485983981888937
3.36482233156715
3.5883412467071145
3.701428211011932
3.8823038268419245
4.081668848943861
4.248432122762848
4.272318574373416
4.750723104559216
4.796676592279818
5.039961718169277
5.354019069352052
5.431585773267843
5.46192971027849
5.68832172143063
5.897317983842748
6.129338211530705
5.984018027120896
5.965656934092798
5.836647677573424
5.995958853442393
6.075436206882361
6.184554411248035
6.25021931627014
6.302330667656099
6.337670226042846
6.641694830821015
7.069999880736718
6.759885595113678
6.72477842321292
6.591578131136892
6.644415670788736
7.1581775556801945
7.348401722017333
7.31730117031555
7.34964018520147
7.231407851804157
7.257354259236311
7.360500953460203
7.494551732956355
7.474523845606339
7.4557734264737165
7.318839406649486
7.304191451077386
7.494788731369117
7.504032302300088
7.130320181243038
7.114078465308893
7.014266000740056
7.135492373664958
7.1414241614553715
6.761083727264953
6.273608474217804
6.2078530775090135
6.246455028884649
6.0998591117795975
6.197912269004684
6.6614133538323275
6.7446208588689744
6.793309228939701
7.081724535599065
7.1992202080081595
7.523649663711822
7.443399466021825
7.141646922066938
7.012198126714391
7.248981138609065
6.9927277862146955
7.3003908155878765
7.3023197435722
7.359970898901503
7.465299647528612
7.628743313826969
7.763418041213991
8.296055038314048
8.820336106044412
8.999935944118297
8.511793908613994
8.358517971700074
8.35610361936001
7.971022017375399
7.845361602965214
7.490883656756597
7.61220225951587
8.080172495462174
8.117161277011284
8.12533395225098
8.58299609560201
8.533094854817508
8.590540423584063
8.450099101858559
8.21913107037322
8.076581171846573
7.963773307275029
7.61847740625389
7.19358670529986
6.987697424108278
7.158369106931214
7.418729021616629
7.483414646514227
7.690960724133123
