34.05547826751265
22.500522197243104
18.637271086840595
19.437373564812795
29.747443431554103
25.664653189394624
25.5084656072716
24.660715233149148
25.914039289078897
27.556611961468718
25.051465419517015
23.98897636822564
25.47476127415934
25.447155373238825
26.383387778180666
26.092316124006455
27.564890698451237
28.019750321567354
27.508936451793147
28.673461054322274
27.782075515982065
28.68073879137457
29.542083765276836
30.62300326652079
27.676031560973364
28.44952275693217
29.13938931654439
29.909657632132287
29.386821310012028
27.90182799060858
28.676813822520234
28.565993634923153
26.693265383090438
25.961220318649424
25.02403308289015
24.708103613835753
23.216630700155058
22.52044023763319
23.617037751459176
22.585430574455984
22.61880273910183
23.423988753021206
23.221190933330455
22.73202441027081
23.68690163751061
23.028357925674733
23.156595716128546
22.485416358877448
22.61145839367772
24.553130504231635
26.753353402234257
29.13407998872612
30.78249529099592
31.159797702841065
32.560507499113854
33.79370040325896
34.100175031830396
34.094093003169974
34.252853597098024
33.87772558418801
34.62562348126268
34.11354373132466
33.74112888503241
33.01363221104338
33.161926847561
34.56279068670429
33.9126993082872
34.98456010391409
34.82923341856751
33.16097110136672
31.559309298649804
29.974703112368594
28.635866381099714
29.17084858668722
27.0796798972736
27.69905525579161
28.17640530294875
29.288063816065442
29.739417752541936
30.188728242038724
31.47308667223958
30.950962319456135
31.65346882384477
31.06181281678291
32.850420593305955
33.32334514905574
32.81872098674626
32.33909137867227
33.34737267339131
34.46378893411635
34.66724838387112
34.47521763971036
34.73938164097242
35.310578531629844
37.03176842779024
36.35086896932498
36.09527525182143
35.85047939521631
34.77704033243297
35.61593526588262
32.87781589729611
33.696524694055384
32.779392711468425
34.039872723934515
31.68753785088715
31.31899420619924
30.79849466419818
30.411340094488935
28.7935578486212
27.09517730463598
26.379492728364532
26.948238837009704
27.636129694336972
25.630279317624314
25.47794584934838
25.55764888735463
25.05887142065465
24.7524045958393
24.62252278866942
23.01993206437356
25.290573301877778
24.7385927802528
25.843627417791584
25.7046793465823
25.37969037925009
24.34880701883666
24.332860935804312
23.352132424977306
23.02434829888661
23.328164956698565
23.21350227837022
22.425154567088157
21.70779414024123
22.9803553491862
22.542736340974972
20.99913990706712
20.8074897694182
20.30287127601583
19.52444563596635
20.79789647296354
19.69528967519476
19.299473084400802
19.08008027451981
18.730497934673064
20.26111150931071
21.148607715566264
22.562645796347887
23.56317974049497
24.86697020397559
24.920987868137885
25.08322622475857
26.012571950854248
27.79263129101353
28.681153876453475
28.089779965918733
28.490882226924363
28.634003467631135
27.49288042479251
29.594992728594367
29.16567126973454
29.519130856580567
29.301590958213865
28.483851378627445
28.745205563980512
28.067334977323554
26.975574958481133
25.66693860492213
26.11501689092941
25.72784346022495
26.484715434747198
28.147698731326237
27.745629451097336
25.886320231530828
26.3979980562018
28.43498008522439
29.023389296219825
28.281387488861913
28.281387488861913
26.87836984184144
26.12141696771078
25.46222469488666
25.12867856826175
26.643574292747804
25.245786158914775
25.536595246483706
26.61152680559663
28.6087379883163
28.798775368704888
28.785430633563333
28.844310220277087
28.09356791433861
27.165682980113665
27.3378479392501
25.235783735229766
24.088620082770163
23.364127420466808
24.851257047929714
26.754147991563787
26.822388653059175
26.881936009234334
26.145561823598364
28.743155683720925
29.36611261431695
30.748736366978346
30.03172673956223
31.017607448785476
30.225336401768516
30.51317528652956
30.072312121979486
29.998227530846965
30.49320191475083
30.778599011618603
31.227461526164042
31.327324648146867
31.213117661288216
32.83813715400821
33.57662548695434
32.817513840527866
33.06926503703484
34.08235363191382
36.45550316729317
34.11736280378577
32.59777913191978
33.03272286336876
32.454456946174986
30.806019606372992
29.708570374459875
27.82257385274024
27.508465681057725
27.606322016832856
26.338469229168236
26.286397903824128
27.071016218576688
27.99904144042001
27.473116762004576
27.9143639765192
27.034376655537574
27.683028878955845
27.3587513542289
27.211374872956974
26.005269329427513
26.054843331980813
27.100556133340632
27.098216352360925
28.143989255324364
28.444560686953388
29.526347543617135
30.82726471679602
32.14248717990279
31.887765576111764
32.12504013607782
33.895244075153904
32.28022546014261
33.18449597795073
33.90362123506797
33.39624267598471
34.48521105227475
34.204078015474735
35.18813038893033
36.195160658581315
37.787902318243866
38.2066412030854
36.936204468896605
36.63303751884725
36.522522783570544
35.633455561939954
34.452216034291716
33.68563707578236
33.658194594768446
33.30361230883451
32.90900955496568
33.12420433513354
34.619924299869965
34.58399397163065
34.82106819404386
34.71470423344399
32.83707070760697
33.36961794430421
32.447940137915516
31.054802550480325
28.663904881747424
28.955561504585624
28.347975348969946
27.863735251045103
28.07710406155902
29.07037596547611
29.27148717527685
30.62665674441981
31.402827265212558
32.60488140487823
34.886412878872015
34.23680379246064
34.1052181995727
32.250620625110656
32.19724583450483
31.878232421188414
32.58115267910418
31.60040441914372
33.27921858800174
34.31543011309025
35.2024323694784
35.93881198338955
36.33228660365402
36.23674879786862
36.3437084114636
36.02953592542846
36.10695129384696
35.31402105155853
33.79462416036404
32.239350213356325
30.347295521853084
29.447186853729896
28.89599961547457
29.777027546893304
29.368025743571394
28.33717920769526
28.296029344734006
27.96595638482099
26.011996881561043
26.836457645743497
26.8411632874536
25.653005540216792
26.107454227388548
27.3738358771354
27.400364777405837
28.69781427930667
28.692565043272946
28.217308267029455
28.25094927366577
28.66982703186689
28.568594896349644
28.384551448678273
27.75178653037375
26.973036125200373
27.97259291080482
29.093865083164427
29.06204765048135
30.795775352082728
32.05014783080479
30.261107321857743
29.778144546755613
30.493469491112997
29.448967283609228
29.60438510703566
28.526964766925282
26.59133786279171
27.01322446100438
27.282586589197955
28.06113839943552
28.319431033053384
27.752722497490957
27.796657247906513
27.95513186308022
28.032210159514438
25.830828385483954
24.82381425218909
24.607883378618332
23.636197068473095
22.035213564780644
22.34624264750686
22.598805126026065
21.37617300159757
22.276090594372555
20.997666991862623
22.352951310080336
23.948228175602296
25.061191916551955
25.42050839289025
25.253236255712473
25.528326533368745
25.92257840581035
26.193611075073413
27.16925511070387
27.34596605209315
27.446614132631158
28.550129801428675
28.486217946281432
28.683008542016967
29.671322119839594
29.158784422239457
28.43271980230544
28.854284564346578
29.020150019370863
29.19869528588803
28.79086480476003
29.277677404050053
28.606126331675064
27.94741643676406
28.872979248284746
29.27418370239667
29.169644430783073
30.185924168946077
31.56908467262839
31.220849890409035
31.960518676895003
30.76657328408454
30.013372300519556
28.951317528767497
27.68159836690051
27.00027105050098
27.379381546137683
26.83616473065083
26.183355346851805
26.724921766699357
26.154863969846765
24.730034253089276
23.917874756789637
24.439500838548142
23.679391835582116
22.874237792469224
24.269388499746096
23.43387062287278
21.09968196332886
22.097540101443435
22.037752415111893
22.38788107716704
24.76618691352197
25.66095089924022
27.325581436763787
29.246170090641794
30.296107076562475
31.09569081535647
31.43992628433069
31.208683219082765
32.48581730035603
33.65063701043995
35.025850895962655
34.19362887830687
33.65404053654843
33.4879173436002
31.9378605511212
30.789743523938945
30.102441558962663
28.837087315029173
28.01351202787618
27.190311190971165
24.7518608469908
23.798746145459376
23.398132060357195
21.84569993387986
20.307579171547946
19.758935283396998
19.463186197203477
18.51332310957077
16.380396617272275
14.578125100811869
13.674550438155345
14.551549355534775
15.093743342319826
14.757867457687507
15.469791016220793
16.523122622928657
17.297784143231503
17.921091175705815
18.471528522670198
18.873244367745286
18.97139494686789
19.74442757654846
20.499082727024117
21.673051755123915
22.949379530954587
22.966989870319672
23.187461608454655
23.166108655526777
23.22342845480468
23.070878345137917
22.38236359203328
21.907895942379717
21.57431204859893
22.543465003638104
22.373692503286794
22.510600782426742
23.336703640042927
24.993707405754712
25.49172161847945
25.847762934505244
25.758866195236216
25.193150871940787
23.594802408373603
22.637279501297847
22.51562192719411
22.43681656272421
21.82140400825204
22.083108765883527
22.040924082818158
22.340686756821192
22.601569995899013
22.91837695078739
21.999084125189484
21.588272752619815
20.911249982560353
19.809626825384292
18.806476915720587
16.54441953346315
15.435154874277789
14.58882702504668
14.453321588887894
13.955989096783972
13.340040974431918
12.398074627437008
11.085380926925184
11.317346275734625
12.861684355008222
12.712185892468032
14.081345596146269
14.573545846764699
13.960209397225478
14.097100867509742
13.950557187600722
14.726961348508127
16.05040906966248
16.27218572238445
16.7407591111629
16.933013499731974
17.69846689081162
19.01134433829554
21.283515597192228
21.58816195931846
22.565808549510223
22.719799290773956
23.27920179273331
22.909409624332675
21.550190201450828
21.552290844710235
20.836236931193135
20.654743576232026
21.701998215908368
21.061060082069314
21.933078444810594
20.56913155736692
19.654856120664704
19.82657432553861
20.65135370907483
21.15403421184285
21.64654548550143
20.327831293597043
20.33226362212732
21.35452862169193
21.094617634733492
21.93084737024784
22.085154884459023
23.180947191347123
24.64315722500786
25.818327469465117
27.105144353292776
27.452595386845623
28.275947187286828
29.223117391417112
28.529551218282098
28.28751629038257
28.128358605090483
28.428081060022624
29.30141306159022
31.19846527142555
30.555692257397084
31.819311904809773
31.118343217152074
29.922574003921618
30.23708508281634
30.415079334455374
29.97006621972153
28.840129719842725
27.518038355729583
26.203132587004085
25.359598767777563
25.74212535171704
24.64843571894223
23.811916959273685
24.849974370499986
25.86391329241643
26.08054297946843
25.47853887261402
23.370436961426357
22.30490007565018
23.017126429676637
22.635768386974448
22.361174753479116
23.276127256850348
23.825543962222483
23.714469784513483
24.636247701099865
25.71507936259668
26.06488361909075
26.376012864013695
25.275011398246804
23.97097320617271
23.3527412776083
22.952880785581932
21.903353162963125
21.19046673127776
20.994173075171066
22.787286953545568
24.432172633967774
25.280506451661083
26.885286442714026
27.42080659929469
28.267427770711702
29.696402015436142
28.975588819869124
29.21774772826867
28.360588685780648
28.30741374133939
27.730837348218323
27.549414614423984
28.71198538441891
29.560440562497586
30.89508731621897
31.201224900281964
32.71932674006149
33.63103022833742
34.69428296195419
34.30883546161609
33.72478040813611
33.07486532051026
31.439806219735253
32.07541248035863
31.21509366418237
30.066342799384522
29.35017514149582
27.977305305205476
27.575825966989733
26.459608014517364
26.6850614043522
27.002987219447057
26.59056681352488
26.219750738208205
26.14430181417677
27.30387117097809
26.09308045133061
24.966733696228285
24.704913694883654
25.25920272308951
25.279151731626822
24.218001310391184
23.56628018340813
22.767826430537546
22.164666525243454
21.98977218685814
24.27331623312552
26.653082877269668
27.92535876789473
29.77198015782494
30.49358556512369
31.244240307429948
31.069274014777402
32.23115709952379
32.56083376932022
32.04633487984795
32.554999183319566
33.09769591705215
32.95094279532815
31.243764176311885
30.714815386184295
30.886723284055755
31.124839640529796
30.46198791328731
30.471934858417534
31.26624408425355
29.59696507432588
28.58188825539245
28.31513448149814
26.85127744291418
26.15866694572883
26.595705622588177
27.248456814005046
26.116847608169074
24.80069181469476
24.480969128820572
24.540283069754608
25.317318554205958
24.882449925830038
26.91530762192848
26.286682274246868
26.506093703543986
26.041530722808858
25.84405433028108
25.545299368022434
24.802189733966625
24.48242191556765
23.338911914707985
23.509773489691238
23.749774936029034
23.959026324097355
23.47172235966934
22.769909570114486
22.337730349002403
22.492599031691423
23.36442412119758
23.548263683759025
23.73549566840647
24.135588619855977
21.959511223713122
21.59191623529374
20.741355581064383
21.73222357741983
22.224714509348587
22.754190234443605
21.786618250915
21.681333011237207
21.93746520462709
20.806599578151772
21.463660226284137
22.018944672039154
21.4335313026755
21.937098434291944
22.100970623410582
21.815262065203505
20.333229452700458
19.048133086004565
17.655627325608368
16.79954436586149
17.146031485936025
19.17553505343442
19.307465023943003
18.225147755227844
17.666311425039833
16.84404057896812
16.76851371219193
16.826774340750063
16.741840841126624
17.313996608746347
16.275248025106393
15.273454875419343
14.791197727560291
14.24841190297603
15.80510942851468
17.53339330635897
17.913649253536317
18.712802877613235
19.401850873820838
21.963169414722994
23.28557653603502
22.795183286771184
24.145237244793982
25.062719114124697
25.75699862129572
25.38318533921932
25.149567472001895
25.843557095245934
26.682586188373545
26.239522675478906
26.247341915646007
26.228893589648123
25.920162645486847
25.524943507010406
24.038999545837672
23.409148066060986
25.10151517315142
24.845174796361547
25.325324299388775
23.161831391027853
21.787507315463298
20.556541849370554
19.654556038129847
18.972352214442857
18.910507655704446
19.65142230896943
19.73095710671161
19.2377083709442
18.7431745060291
19.75404753034071
21.794075911007944
22.380434749307206
23.007740779064722
23.259763050259085
24.198734176105443
24.556385845759245
24.728540389920443
26.303668384659375
26.41722112312531
26.449167989964202
26.19799319631527
27.16483917755171
27.720945174646044
27.746592019629407
27.743108855265934
28.826460752911828
30.39878473901776
31.002456484860083
31.771057898455616
32.35966776415348
30.960542013594342
32.43445858342825
33.38433605242775
33.800919350721855
33.760877865923916
33.81219911321212
32.11834378727367
30.04847385906985
28.654570200719746
27.931318919329943
27.6286676899092
26.409297921159702
25.18869782880822
24.785869730411132
25.062866120486184
23.710887219391232
25.069243029187444
25.01436491537509
24.831934991353997
23.445586721801703
22.918901432831863
20.495265210258616
19.22538311216136
20.138198595957704
19.27368233847611
17.92785802326803
17.654550891307057
18.380029115266296
18.401248151628796
18.57393458008088
19.219979579355055
20.66260300894363
21.809907433343277
23.149511669345472
23.0322093501051
23.272808216887505
21.51773180927072
20.971456169578026
20.021261776727677
20.335707400374957
20.604897912116414
21.260105847667646
21.775251301923827
20.59038679418166
20.651375955745827
20.795185416256032
20.92699458222255
21.579988331546687
22.695778104670673
23.696342818517223
24.165127117532656
24.90643096985429
24.394937435382758
24.27167782129889
24.200560253259507
24.437624145544326
25.287504189664514
24.504716501881855
25.606312546865592
26.451381789471718
26.108935947057642
27.215661313976074
29.576061909716877
29.918350697871084
30.072448476779453
30.66294497745139
31.676663295532514
30.249196124977637
29.024029067080836
27.822832198591716
26.766809658979675
24.713608048176518
24.65731413187997
23.50589576176601
22.644042565196806
22.57789590648475
21.352038623800848
23.796074111697273
24.907273844399313
25.14617538514357
25.262446692022458
24.54296949116052
22.280149629858734
23.518321061768138
23.669819585428755
24.009797164789557
22.64396267219869
25.033446007369268
25.703134953245716
26.041227930674314
27.848426384017937
27.939174351452266
27.20642177883916
26.97803939892328
26.73982727456026
26.331738605111035
26.111457372569912
25.20752425391752
24.731099203291564
23.64049389467287
24.997072601962515
25.65006892645467
26.98768408893552
25.09519724800269
24.95494262726171
24.742238590426147
24.87742835963376
23.86124143639591
24.41445719424417
24.26274910853787
22.274919832036353
21.823719772976432
21.870323553429266
22.019790920242293
22.281222609409472
22.80995751383413
22.763098926841877
22.516741108276285
21.519097036522773
21.952680294448545
20.42201064150216
19.19247014444594
16.983433081283447
16.891603003516682
16.626795416832433
16.079921844161547
16.70401930228828
16.21898742330179
15.199768118865347
15.099382212192854
15.578402726655963
16.19118160564735
16.498785466271407
16.816806161240397
18.396342220889984
17.932238792571436
18.585363419370175
17.443382035368895
16.973223943478377
16.236295658099703
15.911145393071603
15.706666905076872
15.75303044318728
15.775085940317842
15.700206759222644
15.436531498630393
14.767411487404312
14.50619638696206
14.925540235837204
15.293050862389487
15.396006302484764
15.40074344024632
15.33693266622944
15.820031676357406
14.49806549283736
15.560509436168838
15.017680315043583
16.451566226340415
16.91010998867605
16.898965565187776
17.76006236424917
18.33956795257146
19.887693632728574
20.64314980081355
21.42947406168905
21.507955588574063
22.08389202296914
23.37369978323556
24.237386458683865
24.51384757204995
25.48990906666004
25.85954439077898
27.740340924192537
27.585050217646987
28.650044429617218
28.66153007106531
29.445267376857448
29.49491284358089
29.836007246739495
30.8328422414448
30.75740423506655
30.669747461285226
29.798934933800986
29.615348823277447
29.78509602017054
30.13125940133282
29.383353770408554
27.42584296886785
25.899306535227204
25.160649117078684
23.651592929553583
22.72192352839567
20.742107695908484
19.600073939899765
20.262048241493765
20.599723393155404
19.65393507838308
19.501815618668488
18.928901941051905
18.31172209127175
18.7796695624559
19.539929651833255
19.410495469328644
19.2004093249884
18.890480565790927
18.364999095598982
19.23834611730181
20.25106370783747
20.66390942601109
21.277185475632606
21.37995914679602
23.08689844684264
22.88434337561295
24.44987123012624
22.722579014421452
22.491544876957697
23.255937149099843
23.418559877012147
23.601148867396272
23.540180359649423
23.215745862045548
22.6671904864129
23.229898904208547
23.702663899584202
23.832410066788302
23.930157894558356
24.16994734054138
24.515269016017946
26.61351679541835
26.43495080886721
26.63682864168279
25.311047467127626
26.188370885928954
26.37664688615672
27.310996162080375
27.216999336516597
26.68583151173201
26.24716844236096
26.15061932061073
27.20325681324735
28.545260557821063
28.19855298289633
27.146617383390513
26.482933164678514
26.21419700881922
26.414515829120365
26.274778263377605
26.87623457717664
26.346365824151093
25.727921788787434
26.882275134904763
27.210580502320653
28.282211536523526
27.665484932198616
28.631525576490695
28.012319749990564
29.490599533157628
28.962155202894774
29.761110610023042
29.54968397124717
29.016284998317552
28.74935182844851
28.691791803535807
28.518946523868788
27.84698451869793
27.450128499023503
27.483340890907545
25.881099328963934
25.710874928156603
26.35369453967054
24.949996109812947
24.219378931179982
22.32770176311493
21.424312293788926
19.310409219968527
20.55073749261746
19.431708459684607
19.58008981495161
18.83272024706044
17.463311576311668
15.809929796770216
15.689337782834196
15.743460077167331
15.720538649515372
15.687659201165962
15.975013286645261
15.129970258711467
14.99625051227758
13.55961656144351
13.848178196962332
15.257302621222735
15.770941510641538
18.07439140540133
20.31326701804887
21.436375404697866
20.280133932779517
19.87847713918451
19.50118451154978
19.29515852181117
19.594656070795146
20.466582482328764
21.251315630171952
22.989917991477324
23.970369971675375
25.42136119065951
26.134096976633565
25.662198544130842
27.34709969352665
28.085072902885276
27.768452753413733
27.528837819330317
27.071969806830783
