4.644474052903634
5.080163245266229
4.977641395152864
4.9823823378163565
4.9894987376156665
4.775249636072709
4.965680626031782
5.21418041606757
5.110852894224662
4.971831435760015
4.871774941469223
4.905955607070025
4.982681864280682
4.9219980953266065
4.975022108098701
4.863170668998845
4.735139553932749
4.6822463837380095
4.655720089462569
4.67740937346046
4.777047742393922
4.771999325454436
4.829318597302228
4.845916163414975
4.853509560866637
4.941992936883922
4.998974377238708
4.812824380004477
4.751790994237844
4.758271319014176
4.875645369490789
4.824674011479052
4.810594023414036
4.863496717085924
4.775513064433181
4.876816865905081
5.128134567292987
5.240268608004715
5.28592816319033
5.292134055003592
5.360448120460427
5.3910721007911375
5.333342048969511
5.322327575224717
5.27768001425794
5.253940681143393
5.124844762454055
5.170977165184446
5.272344202410866
5.4117760081861
5.303936465255047
5.236899671055921
5.116978487129613
5.046684126331681
5.181308436549592
5.386198429751295
5.162990624748708
4.973860678068287
4.854833296565522
4.772267310943007
4.584572025038467
4.493755258718062
4.465318337779021
4.4516006124931415
4.392718988661014
4.3649213023199085
4.367105916596608
4.438347309153249
4.401181901471768
4.300684001143926
4.3273030138234
4.367229494976359
4.609597114207844
4.673066209797765
4.490397477912626
4.2999466750138104
4.479803387947216
4.49142192463372
4.48749991520977
4.536668999101787
4.509125748895647
4.527626584350417
4.535887035848306
4.571544755441833
4.683265353889778
4.725052932484092
4.794744591439622
4.742068836952551
4.822292990548332
4.795432008453094
4.73722677195838
4.776398495459389
4.556710688017312
4.554704779268722
4.608541875314682
4.566234272766762
4.8959162425367335
4.986753555588514
5.010252311110007
4.978770721792115
4.963400590779055
4.8877890005767926
4.869243179287631
4.7522541225501325
4.719297275573574
4.721260593293232
4.6062907029062865
4.683345617446389
4.582462240727041
4.506325525858584
4.542947183727071
4.638525992957114
4.725308506856911
4.686081727766383
4.713576947164167
4.730135244573793
4.201447542537546
4.162464979986075
4.2095938314674815
4.215143930181784
4.209505820595811
4.248193066040213
4.23900159746592
4.2673212822031665
4.240820947561131
4.193086187539447
4.230189928165829
4.119643724412824
4.189429897586885
4.257788672205638
4.294050274489031
4.209360834082349
4.144164003995458
4.269507430948284
4.236769575646103
4.1520870205619405
4.119341509078398
4.142334706766448
4.129365791321396
4.054807622518873
4.037270530247424
4.039985604807869
4.082011023954954
4.068081316478739
3.9877559721328466
3.9342886108210586
3.9163840229205626
3.9369425754156695
4.033264354482924
4.023737777544078
3.9297029407103556
3.8290711497247054
3.82526606277314
3.7216297123718896
3.7736064810625316
3.824049750771548
3.8916200404316625
3.9146841317810477
4.020500643387537
4.1015422611231305
4.1312242367668235
4.139850763109534
4.167255831326089
4.227266500798312
4.352810612389284
4.439906497990144
4.601962629996632
4.639920209343877
4.463684345261587
4.515817818621128
4.58076387144111
4.610984384187439
4.59859999878232
4.651548218529108
4.5878926397252515
4.486112302824163
4.508653716139963
4.515947419461851
4.4013757747346895
4.372741519604874
4.396829746590391
4.418301430046714
4.4642501722447925
4.458579736492873
4.41514446204164
4.418982059668532
4.202690778056594
4.411746283764563
4.450328085476272
4.337058668119505
4.275857289381811
4.31575766853331
4.298170915925372
4.250609411202864
4.344592998369434
4.442481540849406
4.445368301253815
4.4415530887363275
4.458580292659284
4.411734050901261
4.418128608200176
4.424396785492662
4.329607678016379
4.384853235278675
4.4098282707627785
4.546241311546359
4.599260757666653
4.4520586531931805
4.5828257677421025
4.760947963849778
4.954879337379582
5.00502376101238
5.103259247296476
5.114187686148648
5.082673600984825
5.101638020876964
5.144823312242747
5.11658834127479
5.078073838841954
5.159040603849236
5.145592094047517
5.131495703475531
5.118456151113033
5.057828799859036
5.119646949940151
4.944962188186766
4.821556854808376
4.541286742935425
4.200842837488759
3.9201413649679475
3.664215004047628
3.544977414166655
3.351436871265881
3.21608254687357
3.107224953255222
3.009668464936324
2.911428471822985
2.8258714717748807
2.792188045958043
2.8091123407666996
2.784459661122115
2.8238226792622623
2.8797919138951604
2.8306224799228574
2.7607874626996862
2.7675350106442087
2.904994055587781
3.1077011812172772
3.3390925516513392
3.569553818251223
3.7131808661406316
3.8442250747305655
4.032553802226363
4.187946599501345
4.326706602393416
4.4524401660762605
4.5082427114906025
4.667877741573603
4.790641527413646
4.869358434836866
4.939377592600287
4.932057757223587
4.89522976036873
4.936106040650275
4.914166234723497
4.9163697708810234
4.969218905878217
5.062043242084576
5.034583203196039
4.976924518840155
4.924161649949198
4.792003773287345
4.695309117348655
4.7100117311682945
4.711058913930456
4.61557628513154
4.591626213850685
4.492250346195636
4.382799275107134
4.234297863684588
4.226223787608858
4.199688900449892
4.19939746779928
4.236160510263563
4.353288893856408
4.483359562253851
4.709527496605813
4.673007744103397
4.628289356331735
4.561828685943217
4.6503020106932
4.780016821709952
4.934376251735576
4.909516489705906
4.874578722074988
5.027059215414811
5.157494756193949
5.215949343798298
5.357683002785737
5.433770749087399
5.46467968239196
5.507846782698297
5.539086295735991
5.596418258703054
5.527211257555095
5.41308017587324
5.155123356244478
5.107336876215441
5.184569396452409
5.309905846448192
5.274116987056589
5.248803169976038
5.18183660077864
5.234255238266151
5.213037071254898
5.108983192200598
5.025923389525053
5.0538958501899645
4.994427029942588
4.969121431490291
4.93566436340977
4.880900805493066
4.813694373694864
4.734833421573978
4.660671467043737
4.619018645060409
4.5684032419801195
4.493388056943794
4.373093920395311
4.261651460579246
4.2049990093035
4.085334099939291
3.936121399364245
3.7303238575365802
3.6201593005947528
3.567195768346113
3.495386910123801
3.4386146803929925
3.4512256282106932
3.514899721178041
3.4404769484729876
3.3415219619796543
3.282636355366889
3.2002957798021696
3.166088500550125
3.130280374381925
3.0767362093958446
3.1620278159480666
3.3300269154237214
3.3332257385046047
3.312259388164933
3.3030537435647553
3.3573170075691436
3.371690687367155
3.365801739715858
3.28439826763183
3.2175955937406195
3.086661817616135
2.965378076083081
2.850277433423727
2.867361041314424
2.9079501833203274
2.9160783644209056
2.873934512534772
2.875864316735405
2.9397233195718764
2.9902794366009897
2.933114801260727
2.8600068323863104
3.0098350622062946
3.065146015883097
3.1237186208565215
3.132142293712311
3.127663902572733
3.103993905115694
3.066084820530082
2.9992337962980193
2.9716228000098837
2.948143107102865
2.9138716105305433
2.918341426607488
2.93389221341355
2.9372481956884426
2.946452421090622
2.984985428999345
2.924354759331426
2.955509857088894
2.930551338984614
2.9792636900058453
2.95509996462532
2.9559913862764917
3.092598333892842
3.17077791089124
3.382360256368018
3.587855430019734
3.792036371100717
4.023654759671301
4.159910443709534
4.5571456176000185
4.697603720178247
4.689121870359399
4.602539620190919
4.521096540912683
4.479841409084061
4.396035702417125
4.367152896802156
4.314474684967104
4.3353849072660795
4.248104497960695
4.176499315246583
4.191409779714277
4.095720551142056
4.118062910121844
4.079940592585031
4.029328792676983
4.061880606660525
4.061160907359502
4.049001138241021
3.8157095973127424
3.7021366969352614
3.8015790438993364
3.8966055052395054
3.977224314002201
4.144262562008164
4.2321789233756775
4.276880312108992
4.455786391710635
4.575990033772301
4.624707600638343
4.607087449842964
4.620735580787146
4.665451119888417
4.70121024091867
4.722101648734759
4.816474201898581
4.823862190986103
4.716244753661379
4.8582759243850875
4.929254149255366
5.09412625696633
5.088584181815751
5.177085762679456
5.360557608482102
5.387436810371029
5.43858325633275
5.441951717430829
5.407430642025226
5.258936306279563
5.205898364640866
5.337013423943139
5.272737237354336
5.265543082755106
5.239146359575438
5.125097911659066
4.940514483200579
4.866676026174173
4.96313261064433
4.919809612196967
4.802730008199689
4.688756150884013
4.763708721039109
4.774918723977834
4.705200052262694
4.746579923822251
4.811502702896059
4.931043537537942
4.8499188486897635
4.922032992081755
4.941424371198009
4.830364726702909
4.849467738136967
4.828111140843191
4.751497625380116
4.732306473403555
4.757690415691656
4.7499993277083785
4.702493385627183
4.648841918258691
4.70689307548048
4.7208841540526345
4.655818399278642
4.687491728733865
4.580776660586276
4.436096485071725
4.390810022941659
4.322204044739669
4.420623267204253
4.52205570238178
4.679119560295815
5.074134768546781
5.1931120431889966
5.287984168288288
5.353237340146369
5.386153402458529
5.4566069053465736
5.782689753400885
6.003766068944129
6.183485758188924
6.479461874897803
6.657786791163734
7.14624090716349
7.472536757386692
7.864658385221011
7.907659635295263
7.818084822950138
7.720046885053188
7.674038427452909
7.657336295817534
7.540715113033132
7.239962382094495
7.285592637651298
7.302014208218114
7.537320719269845
7.547234609307559
7.710757313447758
7.464875592384864
7.288469242933134
7.226414361490922
6.875380940237045
6.843256510589268
6.436268137243815
6.124649470960137
5.9050598638032055
6.126375389702318
6.363770950755072
6.724703244374924
6.690123953526529
6.820053228767303
6.885023114862291
6.912088218041686
7.066303355975165
6.994968980671006
6.70928918810166
6.820266533914612
6.8470988285024506
6.835434470809091
6.92512491178279
6.807424717860906
6.775020480462215
6.708220723312084
6.673484742276327
6.7370460484228545
6.83602849238181
6.653306520222133
6.46140106213722
6.252187584942812
6.1680722135705786
6.032571130046385
6.026833271173229
5.972651503834767
5.737819807493131
5.788234730605261
5.8640808440807675
5.907843768015613
5.726687714029967
5.779363190979012
5.6931354798033444
5.838441393612977
6.053138192623789
6.141991235553013
6.3417610733520835
6.286020917262732
6.355030003412756
6.394138565541021
6.570398210326475
6.5819666197723254
6.57029374111274
6.452678198067828
6.318059506340616
6.282377196616686
6.264718258121436
6.25639299240858
6.246426377659382
6.165771899405275
6.199925156333147
6.099172963436415
6.29162514082441
6.19729362571729
5.993360263725778
6.105760226828501
5.961417717778292
5.855829821874649
5.729924773755466
5.760607243690886
5.6157434125258465
5.508094932536627
5.581204880969134
5.687519843794465
5.827942766617294
5.8513496122101305
5.881050956354932
5.890921978233277
5.86158265067224
5.832811009979705
5.857175520611695
5.8995984850640015
5.751377859862632
5.767709064875017
5.924452515316836
5.767385975084346
5.797268410176786
5.831522227358279
5.702904516482895
5.688240710098826
5.7347626977177955
5.912525305522106
5.9811468944292665
5.973703600221925
5.909413438281372
5.964126356701903
6.096253077706182
6.023710504611623
6.024562638702189
6.0746403921408465
6.035457945128909
6.003548174703964
6.055062967700122
6.281616540907808
6.181693856072006
6.045216877100861
5.888664504170473
5.872223207777504
5.89734350529947
5.884924495347486
5.95805526357342
5.79809523778746
5.738762405163721
5.6921259206733446
5.814618005377235
5.730560693817244
5.835999403470133
5.8365190760540395
5.826099158296403
5.785494838977003
5.778894851154163
5.846962331401779
5.802875141981228
5.618391855174297
5.704838568064777
6.1487513756920045
6.2015476152773985
6.210227914258361
6.2935369145039814
6.273676343336409
6.294612776510169
6.48885848415041
6.5613479683301374
6.630550563913706
6.546337801866207
6.640697676592121
6.390517056626399
6.447721590257304
6.428136244700939
6.38695172391229
6.535419201996101
6.6380264843896075
6.76504144805636
7.2885819775718375
7.600635386263223
7.494551269651119
8.785769026891943
9.737637994547907
10.31020579930299
11.132877796737422
11.167701816426451
11.16371645259045
11.498073791791368
11.806743293855849
12.3523606483028
13.080934317589476
13.89583138491993
15.042700060122964
15.755408185707935
16.602759630167046
16.759532776509875
17.66727712271613
19.867211126261083
20.528826610492068
21.33809416466351
23.5365186846225
23.478102959255153
22.759577240760674
22.20459765963935
21.447766135589262
21.487448286610338
21.700297908964806
21.53257534012412
21.482555966807944
21.078659056476226
20.35915797617902
19.74413565012585
18.603533500971967
18.111847193214473
17.37743422559334
17.23115702338361
16.322044148068578
14.247480192065009
13.395420454716017
12.690213069528752
10.604152203212864
9.337307838749373
9.217416173267633
9.269222029782906
9.410332182989293
11.355182010106954
12.029301959589912
12.747279046699894
12.628798721498962
13.008731688295011
13.493049577258438
13.965031422992364
15.314361373666893
15.4110632458522
15.507427327251909
15.597379871930482
16.254143912001393
17.047708437665204
17.157135091923067
18.483611306124562
18.947675631980523
19.82946269788669
21.100614446646567
22.83320373006595
23.22924359726946
21.413306482678927
20.62494907012101
19.83429769068491
19.7537415888327
19.409239933315014
19.063822677260568
18.677246303538908
17.54219239593482
17.628011277795768
18.375807590293412
18.66791314957704
18.060106070881922
17.93681924583617
17.66464403996496
15.989713735201482
15.476362665826574
15.038430441610615
13.771869391757804
11.935676486359144
11.435755913469158
11.285887308817635
11.375208242728387
11.453267751702805
12.132780630166103
12.365252122376706
12.446705083774422
12.416829947174737
12.3842513072168
12.574949864529914
11.990569098617474
11.641503429335438
11.741736869886639
10.906330151477928
11.34800942551572
11.747955376971294
11.538964871601197
11.379704772146372
11.873355593031814
12.49928688341446
13.451718084362204
13.340447089002595
13.307162411026377
13.241916280221398
12.517801352726403
12.42998155154172
12.402742519031605
12.394325575608212
12.421831034791298
11.977902156894373
11.890541894121471
11.9072919650586
11.94016172134421
12.655774021321836
12.254165713214936
12.240892237358386
12.30648150587823
13.009193554874003
13.487654196232578
13.285258811294995
12.523544918751062
12.570088938417149
12.545393023629405
12.802550142874452
12.907326331150434
14.321527559086698
14.94360488179044
15.46859025790917
15.909948023591946
17.424175926685585
18.202331257583996
19.95268393110153
19.848643570239652
19.146727460312032
18.965843673336554
18.689596441838155
18.61952271736203
18.26235840217132
17.982533300005986
18.273627253396597
18.059225418507545
18.24537768451316
18.080241345288517
17.90595049491347
18.074422147714742
16.58921678821414
15.906885044747913
15.417732963253883
14.880429133122927
13.320074592789675
12.355187991146973
10.490294227232434
11.104722354891688
12.866486225439393
13.552709688988603
13.619986127621498
13.518622276610937
13.00965858193526
12.386765295054044
11.837176441469492
11.973795265798202
12.314297073563491
12.504643633599683
13.087664382747391
13.527057114572731
13.377235300659965
13.589103006540032
13.829367255418259
14.368564133681357
14.921674296438146
15.187201039995136
15.527786220016177
15.138312472961143
13.444704147979497
12.964724548738172
13.185604162303397
13.331093415006952
13.625666384054188
14.090107121249392
15.294384904733471
15.45665201213077
16.149145616290166
16.27846251322476
16.733420612122377
16.691926748582496
16.643911916685784
16.382938896750336
15.993740734944875
15.614147871572115
15.143857138800339
14.970822849552068
14.687813880691143
14.933774125026932
15.09556380701984
15.814493899594648
16.170150153225897
16.329532532978288
16.057286865686457
15.733110344094035
14.538385156940752
14.153305587235177
12.99039273185222
12.569324444319248
11.418337772494656
10.851049269598814
11.250863307856717
11.392215748160194
11.318991997750963
11.002927112137368
10.93337859540811
10.862982181778879
10.87694787024665
10.422603231170864
10.17833115515866
9.66736744086231
9.403812955091826
10.1026801448753
10.494043724124946
10.513875418499648
10.644936654217307
11.352527704394795
11.56918316706532
12.061684994410868
12.471738591281099
13.171536987311422
12.951258362267243
12.985505907158725
13.589388259738891
13.816768307819595
14.32634038377179
14.41020090902791
14.602739830764543
14.87961474012712
14.894704035660846
14.614251113208047
14.408092330403642
13.537309160151874
13.124672317756865
13.020546126841552
13.00785764809407
12.68550618521213
12.393194054984109
12.198825211351934
13.41010924343525
14.361309357155838
14.981466116621272
15.178483661969182
15.266681964786823
16.187989257949916
17.53520312129175
17.80079765031903
17.598841584261034
17.550953780678977
17.514750811525026
17.55386640871243
17.282913193400503
17.286034630249798
17.31458402531107
17.111044504627483
16.9439296591517
16.707881069932466
16.864547985617197
16.70184092820096
15.195833556051118
13.663648439718552
12.912095561346002
13.449651040985879
14.120096617156326
13.907053130849883
12.171259494537846
12.146009975484294
12.66339967578692
13.046139900937252
14.556715553757659
14.917646884457204
14.992771003192232
15.677803011549093
16.269345555358697
16.65823716684388
17.98121973558103
18.88947161912788
19.540262493588568
20.45006545644676
20.407243187104328
20.621482598098673
20.85553831569435
20.194008276860533
19.75153038098879
19.142398462780896
19.448192775451993
19.707377580593015
19.616063074661447
19.33029914888725
18.413664768056435
18.925612778010198
19.2778654906332
19.998562451090926
20.128916196309458
20.248311648892024
19.900376138709735
19.010197200467413
18.687784535064523
17.82830756078922
18.06529581126324
18.123555279406276
18.337884746574115
18.137625142564442
17.240904152042038
17.351979433101768
16.990530380934302
16.443261834686556
15.938219771201279
15.564508555025247
15.025026268981723
14.149328294962578
13.77900990979605
12.398919230396388
11.722933574968483
11.296703711731501
10.08034708678261
10.197692540082485
9.731312007800142
9.621486527122926
9.22836857742988
8.856672982491919
8.520140801825471
8.497166653913878
8.807741373865724
9.98957143769108
10.602230055038145
10.89038167691843
11.197324932251513
11.286149752250386
11.44462442570112
11.607089445646915
11.553120498158728
11.717024496963827
11.603479243763685
11.597805512428007
11.719186204258218
11.701525204017928
11.863904944583567
12.240002749032445
13.635971673316178
14.591649390158654
14.56789094922073
14.500385738671946
14.505284241449832
13.150013655309346
12.65350547926003
12.28929465989278
11.95002383292725
11.838116198163059
11.650114952634954
11.271218572232724
11.279601011708603
12.82419395045488
13.455680533098308
14.231124168541388
14.827077364742953
14.782912184680388
14.788358827995154
14.740200016946238
13.507670668997747
12.542875101906478
12.419556196053883
12.443679488198558
12.381588526973498
12.387434328987268
12.129101893245501
11.950872390459976
11.731897576503888
11.387087968763053
11.074022221187054
10.852610953788878
10.516098619152967
8.480326426213484
7.6532490466887335
6.8687578162865535
6.143952143017622
5.789030789105555
5.4838249894072995
5.176282095132832
5.046207763950906
4.840908607112229
4.682742807083539
4.557806890869291
4.62132567408096
5.166329124132071
5.542834989306426
6.088118297436165
7.136608211932429
7.203735422937522
7.9226310107201074
8.583229823334248
8.984381228674891
9.344034283241946
9.529982506198014
9.542575204319531
9.839415865543382
10.685823358740517
12.598753780642681
13.133788514912485
13.276080231422938
14.23720231020231
14.116221711047228
15.394634344962805
15.752751534091093
15.630073199985446
15.672830621495276
16.55259153978796
16.91410055583693
19.188274613219818
19.544498728974098
21.622612829553923
23.491816435537125
23.74907441414604
24.127013348423986
24.48836008189414
24.77855969257523
25.36261658604703
25.071316860510763
25.597544085339912
25.420708288340983
25.785454992489775
27.031308667476594
26.79197214816274
27.373687267018322
28.455746074581775
30.246524721995474
