6.473881963824631
6.23430693050982
6.921495326898675
7.163055898252153
9.68886625641518
9.221649053287903
8.799390817591249
8.466084795358956
8.761996709253252
8.986349458152318
8.68675188207785
8.506726498419154
8.391297222541207
8.1919936824681
8.099340015144296
8.095353875671837
8.025837982531824
8.074376797366748
8.035063392648631
8.013214698612366
8.475644634757643
8.6771784666996
8.44240787974691
8.320932399032355
7.6443749837658475
7.6269764133704046
7.487642808447509
7.42006556087168
7.173386342240539
6.810206059798804
6.730419176867277
6.5991477117374515
6.6493240658471775
6.707490109706642
6.531159782712981
6.511776155166352
6.431933974524211
6.1910622505310275
6.183387177699765
6.108193505175092
5.778256235515129
5.69347041151795
5.779611736535887
5.608423660328412
5.407138561759497
5.287493337525985
5.466588945976586
5.517310608726325
5.398211212924381
5.466427354859252
5.597534297828669
5.647201172006762
5.520365446195153
5.471718953037197
5.657614996536337
5.542342251592759
5.629610922586568
5.856762499261072
5.775838033484996
5.6607141576527775
5.460682875029401
5.306459466820288
5.4891657958691
5.839538977467099
6.076644942319541
6.654267115569357
7.098673204333222
7.365294649697729
7.620305324822226
7.787297252841476
8.121474428369014
8.739679262851983
8.85184798552152
9.596223020918153
9.836078139870782
10.570044900071649
10.977188290193677
12.310129400491784
14.435708320518348
14.67408571718851
15.738758799253844
17.08507174010541
19.23029477122696
19.734331596558995
22.095950392930256
22.578673351878997
23.649287789872936
25.697811816847015
26.418970976711364
26.677795950682736
26.439261425263076
26.42221155003856
26.542311999383536
25.962697231286416
25.727281130092923
25.081925296365377
24.590786493890196
23.29799341508813
22.524217372108424
22.771101627660038
22.315645019442996
21.474610512475994
21.767368938430582
21.726192924996692
20.237802018532854
21.502371602606583
19.63429700215051
17.26417609608746
17.085997067504543
17.731132944150993
20.02007200630431
21.029858328380882
22.519762714227383
23.32790418781768
24.18778019801105
25.240732243516497
27.09709939258545
30.369321200683704
31.397141674645184
33.0840225321274
33.843013388097134
35.15253709800806
35.16438126966807
36.43488036045269
39.454128799989235
38.334728452966296
41.40679456267476
45.677529731458336
46.19409810121867
46.90421287318187
47.819463637471635
48.496836291434334
48.65702290896068
50.54661350316109
52.94414720726839
51.53546251860057
50.38481030831196
48.739489285772365
48.40827449264168
47.437628621728095
50.31046611401258
48.923122241948924
48.50415542795065
47.86897121513616
45.11591065359619
44.68041805673712
44.2512526459148
42.45729563886396
43.69357688830529
42.9657321682774
40.090016318710795
38.367601394080026
37.317739121930884
37.60762001887466
36.66048512576678
38.94939541142408
40.19430439990472
40.13287158773794
41.42665084897361
40.78569367083817
39.98662557928518
40.091466771242004
40.95427645977048
42.22854880818012
41.1702938225168
41.92875061423773
41.34283807148161
40.6815382666111
40.99415905843112
40.57748573810899
41.07087380063602
42.98020316373088
45.328348451220116
43.3198677323218
44.21697341994971
42.89990522390997
41.857374212153395
41.472054501783326
39.75523207981451
41.113397619321965
41.239803051338505
42.429118104201216
41.23581261402925
40.37338250870714
43.23692752047539
42.463531522245034
43.62247999550224
42.72185047745696
40.73979812345564
42.27654708117704
42.56378690799416
41.204045047736635
38.86100731233948
37.74418255848711
34.74733015757121
34.37153314287037
34.027717041188055
33.449557272306265
32.292577022307334
30.61558624550388
27.291893934132226
25.876761594080353
24.873876826311466
24.849732988195676
23.06297625289522
24.241231281696827
23.010310836893773
24.173219668494887
26.3197005219421
24.781588650319776
24.283215237613273
26.66440615815705
28.258889602055223
31.375450522730695
31.864620608390958
34.10946147150956
34.64412456322359
37.071092372678564
38.278446846364794
38.90647607464315
40.1772329675086
41.08741058560142
41.70056041291029
42.38719053853069
42.98939523927296
42.34062206100754
42.05071334970018
42.003910263949855
41.89118879066018
41.00069012490552
41.28221399579089
40.15091174172845
38.75283611687597
37.91929666103938
43.220960211460365
44.07834236816821
44.20164350302466
42.9902817252896
43.62217870503215
46.6891479866772
46.78782473301893
48.14575387912185
46.52972196687952
47.246586094225876
46.94353258608394
46.4600961580728
46.25015316166612
45.216683202621496
42.758408700069076
43.76350693515725
43.24005204618656
42.13293231992824
43.45009474058805
41.82595004736334
37.19180483854376
36.94898154582574
37.65928830195507
36.74279945646464
35.96190481412711
34.155005113201604
33.71295284579679
33.928818426504606
36.56734343724859
36.005106215003
38.3228676795679
39.195883164575484
39.46174944626103
41.81814260837706
43.01009878468584
46.372543635914845
47.739016589411456
49.080011023057324
49.35825345265969
50.861106824903736
50.99226770522374
50.97999390912794
51.528763200261054
51.705837347205474
51.716500822694556
50.443216657429346
50.647238565757704
49.43975561047446
49.263459265979066
47.698299391159324
45.08084113210217
44.7363919992828
43.88329452356734
41.02342041514099
40.59039277008115
36.90874156414485
35.64959897557998
34.06546388577826
34.76609646654064
33.709772610664785
35.61016234479088
34.067279333682855
32.50098538547935
32.917141255908376
32.24302020748512
32.57519979441501
33.072319526516786
32.656341607349894
33.094437625358424
32.88787311106378
35.478235711622965
35.06792819609667
37.96357238999589
38.811228217724654
39.66231148434892
40.03923128483491
41.37094945059116
44.33258055137851
44.32910705872651
43.56963714034843
42.84664022943768
44.09720697548455
43.736659290956
45.04674696588436
45.99126841111235
44.92127657781387
43.860860979995486
43.505436152801174
41.74803032414783
41.88021168114042
39.22933027445069
41.925531146827936
38.49511495404662
38.73597528619586
37.975672588358414
40.426215781480565
41.35877284784566
40.37819372984122
40.32120266663554
42.624969936758454
40.82434243406458
39.09853319769176
39.16428374742919
36.992225598207824
36.174160475881315
36.90546970912981
36.84502563609679
36.864019751887625
36.79152533022793
38.21547920070629
39.69036052011108
36.14537747591481
37.18701865508346
36.60631789261701
37.78925826579129
36.58355197045845
36.71402781853622
36.061933446150434
34.2886519697271
33.86605579921938
37.05160749427574
36.742150358553324
36.8634225751326
38.232209549421626
37.39436666917481
37.79324349318235
39.42756251055358
39.212080418039555
39.17260134885976
37.688043606848304
36.26010060887335
38.72251031576475
39.90217703626574
41.94031969952615
41.19084778364816
40.59320769921571
38.59100441434541
38.23862535483373
38.247101673897006
38.319137656838855
37.95523458614635
39.789409924446296
40.47339481658351
40.2251919390689
41.62668547143345
43.47231497437044
43.40853482318014
43.85674357955435
44.0440256581198
45.56199550591191
47.48162093780083
48.471253275908275
48.651331341907834
48.40796039503874
48.4908462711006
47.54883863897366
47.93561233787958
47.53228825052122
46.90562962027993
45.48306540411968
44.54202058743688
43.24948176215296
44.9545423194227
45.545666484452425
45.826913809442445
43.56251585706408
42.73890723572236
43.25413924947273
43.30074186529754
43.23450440118636
41.748697084461696
38.73081493778538
37.28958031280592
35.26122473169763
34.08988438436117
33.808784590542714
33.04916344159494
32.120516343902075
32.93660629062624
33.70086546218859
32.168505817127595
31.56383396174683
29.719311000331242
27.767506074671893
27.658996411707427
27.75610560570356
28.931451031407107
28.932760887612478
29.757467216482617
29.249048649722777
28.736917687754378
28.958367219166
29.599675800611543
30.478399323947684
31.7670574706787
33.425904476622506
36.547694659249224
36.953467807734604
36.05422735792844
35.4391868835144
35.25672366300921
35.202471165128046
34.70666604276821
35.287986237449054
34.82862871448268
36.01538189931666
35.14909375127024
37.72941434274386
37.24286990251035
36.523152616295896
38.18060948403068
38.26663992087014
37.73739986712472
39.162672601618354
38.53193679957534
40.046948521176795
36.910416331493835
39.55217444103804
39.03195898576974
38.853281222134584
38.53224375285643
38.2920661022312
38.54568379653586
37.89549094406421
37.53297935339691
35.86626735973032
36.03825835529074
35.12355298006123
34.36819432963239
34.441159545714314
34.69179545377859
36.89075039623358
37.13852399271183
35.62097719852451
38.66787726964749
39.360031338566
42.39408088091685
40.34355079699135
40.40587263598747
40.91326116930714
41.651611710744916
44.13367450226798
44.07210098154507
45.23100464660448
48.33393041432615
51.78906850714186
51.797123836289174
49.809650367947015
49.465082306641285
50.953893527049615
50.4170082799347
47.93099501906878
48.80591638355551
48.78132007012728
45.00923572100412
41.431472723954876
38.41508035057423
37.31799540148413
37.40781040229936
36.553347978940856
35.40489916210889
32.76959729751745
31.924671866620013
30.67602699533158
27.256594957367138
24.12039689862052
22.48693459003655
22.006599917394887
22.176733878448886
20.159775446912874
18.36775779131199
18.854934388712785
17.19839384055756
16.297831216809627
18.02468167789724
18.639462201999926
19.11635780501173
19.37635628655498
20.110223948085654
21.063668914832682
21.621892843172766
24.443880016429077
24.994714970788518
25.505367534931928
25.633684453148003
25.928440880832625
26.52700655005619
26.207742537024103
26.38933308343521
26.658268981061344
27.357864131252676
29.968685516414308
33.387117820534556
33.94504194533624
33.33151287262352
35.627945697443735
35.70025468060366
36.12193233695465
35.614809989595734
35.594320742064745
36.09160424363591
34.98525717637758
35.28348292905797
34.813035323706984
34.47800118249991
34.81150145696408
34.68523156157632
34.70724625166611
34.742986777273245
34.27008626926634
33.525523950285454
30.972126767546918
27.717578307688957
27.274628601811862
27.495400860979924
24.642245899287815
23.891858814285364
23.418188471030344
23.69755950948066
22.918295049921934
22.269359766884484
20.90374129895584
21.164608066852725
21.43141383306121
22.023431661024414
23.026344463681962
23.29114440614536
23.9249614690327
24.385690507965865
24.97817194836983
24.863944778520114
24.96792740971074
24.69694547264881
24.580007888037066
23.434280698931218
24.8612189127968
25.58445319417377
27.47802763426221
27.26930453742794
27.183426699053864
26.78668682361286
26.711051907978067
26.163973282325593
26.01527321852533
26.253561677215583
28.652073282010683
28.258177844561295
28.24062841473863
27.87689998077808
27.5499404850308
29.433822670042893
28.85005636986425
29.917043675817997
30.619854475171564
36.24391508134242
37.50262596963226
39.557214713648506
39.665563778549156
42.6335045264413
43.020711093251336
44.94058277508036
46.531853209545105
47.84349692224577
49.41888224372816
49.44911810969776
47.584525706920125
50.13679586490606
51.75745439189287
51.47566343426566
51.53316961020505
50.91830214873052
51.18271506840666
50.27902586489217
50.557058502290104
45.16725045137083
44.27216688035226
44.09680501905671
42.748210327852384
40.603870853816645
40.538743961700455
38.95319798021498
37.282307117750406
36.943945114880556
36.76717079209579
38.928031534728184
38.13378039978286
35.37074212625694
34.7165436789448
39.24253586565564
38.47716204754991
40.09182887128865
40.35622316474111
43.45133858157852
43.523448090156194
45.00553323912428
44.0390745199647
41.54889517351627
42.09380008664481
42.32595250991902
42.695167773261154
43.54185080642443
44.40406160444737
45.229255839601876
46.67253026588408
44.09522916861472
42.79069726393839
43.3496013526993
41.858444236566235
37.88114474654852
38.89867084477801
36.28570664352976
35.593543567009085
32.32367011679467
32.11314869381592
31.8711964142233
33.63519155579148
36.03681819645203
38.00198319974508
36.61334788264384
37.3918672178299
37.42954236404234
38.13747798495386
37.43303714167699
34.943373014883115
35.08944088038178
35.049060369864286
35.01025606701273
36.46217927714655
37.68496489812725
37.374754032357444
38.70608115034185
42.47806175375679
47.34326675248862
50.139092310073494
50.31154567318437
47.85991821872814
48.81248909517846
46.23317698238891
47.274867818301324
46.26363327129639
45.401751063334814
44.13348646220618
42.896772948128906
42.51355790956608
41.94432686446375
41.735731943552565
41.15995132002406
39.361980674638076
37.58617892714024
37.437189256563975
35.908777559137526
32.25059121475342
29.560132049176747
26.16207223732937
25.33452038769478
25.570534235063185
22.366865044106518
21.890702912171733
21.304064122614385
22.487361417995153
23.182237466228536
23.549858236853364
24.19846942442662
26.055359242055886
28.532733842832396
29.62268523328309
33.09203708655058
36.81700086104918
37.81647073613176
38.2507862147663
39.148908294572145
40.79768150535479
39.12775909436757
40.36782384857197
40.332183403167946
39.95402154253581
40.59894898714445
41.95430240442653
43.33745456402719
42.674881279272725
43.28259473554227
42.62957718958475
42.4281273219612
40.65848047229715
39.34443171627074
38.60926289112779
35.65431624063041
32.29199879155697
31.424415645954724
31.737198589700277
30.568345253635165
31.659770175125033
31.688640748522147
31.597279667597537
31.327496897668407
31.23717472003488
30.345458674380865
29.296431801077794
28.696475837128975
28.139388538578032
27.093260248028052
27.06038628934747
26.703531576174203
27.386620420082124
27.87372560697109
28.252943461758644
28.313342352787725
28.385445660615154
28.340483394856257
27.97456336382903
29.485670199273237
28.96403233779037
30.472813206155337
29.475081652656506
29.08632058800297
29.421766324833744
29.518739738825634
29.07169710651479
28.125266547167353
27.640278608024907
27.618601566178377
29.44737765497402
32.19609497136532
32.494870475152524
31.270742451237037
30.897804382046303
30.991945609284773
30.979040671465974
31.30596717784452
32.38044536462303
30.87358324053187
28.717563509069628
26.924234877143505
26.853116033895855
26.58416668904772
27.357420988325174
27.291581711222364
27.421542888302024
27.238450976261056
27.12987272654741
26.634824084989397
25.308320008575453
22.17828004559671
20.835813326108415
20.78996016035405
22.30947452556473
21.843394208632066
21.92106433125076
22.81824631373282
23.31245332052484
26.34722307460486
28.45861080935922
29.05293003525086
31.33979381700654
33.761977891728954
31.916064292505087
33.696576888548954
34.649234513593875
35.931547097056814
37.366938085181054
38.01487804009067
38.308396457859885
38.64194830403057
39.10483677297016
39.11643404613257
37.464874426015356
37.72109442971849
37.40390902214112
36.27477927123236
35.5045989495717
33.896805290472926
33.840785411821244
34.22508520092465
32.330444965961384
29.67316752047468
30.764436769621874
30.54030991746683
29.90688008886039
29.2207598805862
28.338007003991624
27.520881238575534
27.21077620677338
27.494845001157962
27.419155813210644
27.67905808533103
30.45815521323425
30.86937407929176
31.700110965254233
32.107526403457726
33.83890231384157
32.90608522808302
31.842678715296778
30.945295770186135
30.879343764490756
31.47406437722711
32.20759833253224
32.12958060874217
32.36159173047242
35.19811889181294
35.05892176949032
37.26862336290389
37.29441042843851
39.27630877382398
42.497910336718974
45.470171229379915
42.282945681307964
42.58414530311
44.368512258303184
43.908362509121915
41.28772969619584
41.75383430396542
40.428088641844816
40.33424791649702
40.08381491541037
39.50011708409657
38.50090558783549
37.1897044856983
36.988362990933695
35.710715807716916
37.7701603267298
35.77551932906921
35.40306390575241
34.435712339484795
32.54001477611022
29.0516840220162
32.04026265942177
33.81952922456918
32.01438980219537
32.30448236675289
32.311702704352506
32.1247955139239
32.549456478613436
32.6337979149297
32.37750162825763
33.48399346085449
34.46420540399224
34.90295529412166
34.125995832209234
32.480719205766725
34.46740506447813
35.56315975383042
35.43881962003113
34.94533576662672
33.979595017142756
34.67262558403022
32.00692466138783
29.68448351789973
29.241558262631763
29.015064941163786
29.21771478250978
30.247258242465215
32.89812530302413
35.27063037799174
34.54502012396441
36.150489111500505
37.95274311888647
37.00195451247926
38.921826685218385
40.949793544400336
36.06369434240814
36.10697553934319
36.49252712566246
38.58408731863447
40.84720076334928
39.76797459299307
41.178894955017626
43.79216557036956
42.991937737733224
42.68108930028049
42.67073102465784
41.01641672563055
38.25356844051534
35.557640887282176
36.04361426863156
33.4872739876849
30.88113892163899
31.438279308518577
29.69892999101096
27.409737495991852
29.58471411525115
28.590512214950593
29.260153324312995
28.58040144551196
25.99810230472911
26.82904161846747
26.894513204451016
24.84851318028307
27.43827003433047
27.27991587128207
27.696246834460574
28.5106520848697
28.41975626253269
30.243580820483952
31.564966000050752
33.178158609739306
33.51251768985777
34.628336948460586
38.20799437318816
38.563902227718636
36.7440529033603
36.28399950320047
35.178643848942095
34.72678229918463
35.33826700248959
36.3273530316631
35.89340651285507
38.66879353632384
36.60701104411092
40.42532194521601
39.82703021293744
40.14917016528808
40.40814549143761
39.06687620384853
39.13411961001156
37.091448999050655
36.93031402850001
35.56647189639547
31.848854363965977
31.30592717906643
31.6663376859481
32.009604619281944
31.963582468398318
30.08781916031224
29.996518847790412
31.224167921456672
30.034265927119918
26.17288047301211
27.03260640774956
23.463037314409863
23.12549413026047
21.74623936209736
21.343507801569594
20.842390172066253
19.485517856716207
20.296695784843372
20.19646171631486
20.98959415720094
23.290745961001875
23.695907536963283
23.389287038768703
24.104897326906755
24.65970570232545
24.81812327501917
24.475558671471056
22.37389626742414
22.69881569272625
22.592039481476302
21.851816553723985
22.121173590474267
22.333980928040543
22.910385507372844
23.150565924834368
23.31021915490648
23.377479126218837
22.79840084723893
22.247400505796982
21.550220001971088
19.27495857214796
19.070695584241292
21.764070086891785
21.05620812898688
20.77305030730536
20.896973788073815
20.96234193484021
21.047185000788794
22.432500465773803
23.621207194972136
23.865299827285533
24.777976880545754
27.232002149122433
26.75198914930412
28.365279933290402
28.599508742438665
29.416713520381943
31.332863135384134
32.49752435841624
35.511835667002586
36.082396040981294
40.49501067654595
38.43107450402411
39.26268681561155
41.839712284821225
43.14450543402699
43.06113428752865
43.28371434197142
41.85311014365185
42.32975848957806
44.961074434755155
46.427036700378196
46.008467429538044
45.6620601082897
44.36151960256562
44.82037881298316
44.60632301690344
42.79667479452632
41.95187790429417
39.4297259387379
38.746903333722855
34.05878464311535
33.27185775257353
32.104955010116676
29.2882949418796
27.85574307153151
28.181349008223094
30.359072764994416
31.562741927993407
29.305368068159293
26.522181448972038
24.906625777924795
22.63376639076356
23.366401687852353
23.513495315357712
24.189904838254833
24.13085906528118
24.73887604751156
25.11279048127177
25.240562696974518
26.938769207828916
27.441183359483414
29.93774531892505
30.715221832625595
30.646111966658122
30.74737479716187
32.719949293339525
32.16791223746555
30.84914326974395
33.51196776251259
34.137436025607144
32.287804679831325
33.867072994733725
34.05936206472932
35.41622584711048
36.66141901859943
36.928224874282904
36.593404940399395
36.17637379380109
35.9547950174891
34.25624500567395
34.08367978979887
32.288571689507414
32.47062247820866
35.26635374850128
35.40613505086104
32.78069998851612
31.92932307772486
32.00259003655334
30.454195952752873
31.402803704880863
33.78783976030658
34.64796392073117
36.57931224161883
37.0532422074777
35.855916424347285
36.925341765493684
39.050148116884735
41.034999961952536
43.37620289297901
43.95254955044326
44.3570825801761
